0 0.8211904764175415 0.8981380462646484 0.29072439670562744 0.20314979553222656
0 0.3581926226615906 0.8797199130058289 0.22739969193935394 0.20844274759292603
0 0.07781058549880981 0.8769817352294922 0.15494351089000702 0.24428749084472656
0 0.2721766233444214 0.6090346574783325 0.10453525185585022 0.05586814880371094
0 0.4052184224128723 0.7317781448364258 0.14816108345985413 0.1113765686750412
0 0.4159122109413147 0.6423768401145935 0.11262698471546173 0.06494102627038956
0 0.6831919550895691 0.7203735113143921 0.15889723598957062 0.10666172951459885
0 0.1630580723285675 0.7019814848899841 0.18664878606796265 0.12025419622659683
0 0.34429702162742615 0.5363324284553528 0.07197282463312149 0.03971484676003456
0 0.3047184646129608 0.5710873007774353 0.08859749883413315 0.04792747646570206
0 0.606525182723999 0.5454221367835999 0.12756766378879547 0.08375390619039536
0 0.6074363589286804 0.5427848696708679 0.1296936571598053 0.07799740135669708
0 0.4310952126979828 0.5871180891990662 0.09120359271764755 0.05247993394732475
0 0.6551358699798584 0.638461172580719 0.12219594419002533 0.06396961212158203
