0 0.8203794956207275 0.8976225256919861 0.292691707611084 0.20414231717586517
0 0.35553839802742004 0.8803344964981079 0.2251259684562683 0.20751336216926575
0 0.26433423161506653 0.6150919198989868 0.10157741606235504 0.05609334260225296
0 0.6935476064682007 0.7365032434463501 0.16517028212547302 0.1133473739027977
0 0.30317655205726624 0.5698093771934509 0.0892471894621849 0.04451560974121094
0 0.07748614996671677 0.8770628571510315 0.15373648703098297 0.24448947608470917
0 0.41468456387519836 0.6461361050605774 0.11474388837814331 0.07262516021728516
0 0.40169626474380493 0.7305671572685242 0.14439985156059265 0.10337480157613754
0 0.6559301018714905 0.6413294672966003 0.12503938376903534 0.06983508914709091
0 0.3429033160209656 0.5350611209869385 0.07462618499994278 0.04098911210894585
0 0.6065667271614075 0.5423501133918762 0.12824396789073944 0.07847938686609268
0 0.43116721510887146 0.5861409306526184 0.09070675075054169 0.05222377926111221
0 0.15241274237632751 0.7065916657447815 0.1943892538547516 0.132441908121109
0 0.6557513475418091 0.6397854089736938 0.12502029538154602 0.07589550316333771
