0 0.8772692084312439 0.565488338470459 0.24476318061351776 0.37210655212402344
0 0.4832584261894226 0.3964190185070038 0.25319573283195496 0.429574191570282
0 0.07199933379888535 0.5629376173019409 0.080008365213871 0.10684006661176682
0 0.6303466558456421 0.5615631341934204 0.2520131766796112 0.24314072728157043
0 0.37279054522514343 0.5268164277076721 0.18209527432918549 0.23378601670265198
0 0.25734496116638184 0.5454872250556946 0.07688970863819122 0.14205238223075867
0 0.16614818572998047 0.5592487454414368 0.062188226729631424 0.09388811886310577
0 0.02174065075814724 0.5453396439552307 0.04208352416753769 0.10211509466171265
0 0.09698563069105148 0.4737522304058075 0.06017670780420303 0.08218347281217575
0 0.02213194966316223 0.5580106973648071 0.03839333355426788 0.0786895751953125
