0 0.8209539651870728 0.8979232907295227 0.2923322916030884 0.20357583463191986
0 0.35044386982917786 0.8953481316566467 0.24131980538368225 0.20844897627830505
0 0.4026969075202942 0.7434280514717102 0.15473417937755585 0.11812489479780197
0 0.26326602697372437 0.6231042146682739 0.100664421916008 0.0626358687877655
0 0.6935341954231262 0.7372144460678101 0.16506607830524445 0.11304842680692673
0 0.41482916474342346 0.6488961577415466 0.1186518669128418 0.07611064612865448
0 0.05834094062447548 0.8920688629150391 0.11603087186813354 0.19759750366210938
0 0.6077754497528076 0.5418302416801453 0.13111509382724762 0.07735579460859299
0 0.29562824964523315 0.5799055695533752 0.08910669386386871 0.051849365234375
0 0.3422909080982208 0.5348947048187256 0.07463754713535309 0.03986015170812607
0 0.026673272252082825 0.5059019923210144 0.0465564988553524 0.018284033983945847
0 0.656100332736969 0.6312435269355774 0.12467781454324722 0.09705021977424622
0 0.14718104898929596 0.7120974063873291 0.19193391501903534 0.12286166846752167
0 0.4313596785068512 0.5867636203765869 0.09064732491970062 0.05181954801082611
0 0.6590635776519775 0.6354057192802429 0.12460112571716309 0.08540458977222443
