0 0.3604286015033722 0.8647376298904419 0.2404049038887024 0.2069423645734787
0 0.4050017297267914 0.7145264148712158 0.15390446782112122 0.1122511550784111
0 0.2977202832698822 0.5739864706993103 0.0858798548579216 0.0488305427134037
0 0.3334175944328308 0.5342721343040466 0.07317640632390976 0.03871269151568413
0 0.7852562665939331 0.843129575252533 0.2545546293258667 0.18476556241512299
0 0.6766311526298523 0.7008028626441956 0.1480204313993454 0.0992952361702919
0 0.4153343737125397 0.635776162147522 0.11441463977098465 0.07487678527832031
0 0.2099572718143463 0.6419687867164612 0.14789029955863953 0.09643713384866714
0 0.04150783270597458 0.9695775508880615 0.08135440945625305 0.060402870178222656
0 0.6065312027931213 0.530504047870636 0.12618272006511688 0.07872829586267471
0 0.8823287487030029 0.9777956604957581 0.2353425770998001 0.04315490648150444
0 0.10686022788286209 0.7738431096076965 0.2130764126777649 0.18326739966869354
0 0.10660301893949509 0.7724495530128479 0.2124515026807785 0.18372765183448792
0 0.42920777201652527 0.5747577548027039 0.08896857500076294 0.04674581065773964
0 0.37295007705688477 0.5008196830749512 0.05577663704752922 0.026030158624053
0 0.3738240599632263 0.4955459535121918 0.05566168949007988 0.032856497913599014
0 0.8231089115142822 0.6721574664115906 0.03908216580748558 0.023457590490579605
0 0.6550477743148804 0.6119043827056885 0.1186065673828125 0.08514328300952911
