0 0.8214820027351379 0.8980616927146912 0.29064488410949707 0.20317573845386505
0 0.4022853374481201 0.7487887144088745 0.15802516043186188 0.12037181854248047
0 0.2633734345436096 0.6257703304290771 0.10762155055999756 0.06698843836784363
0 0.41465309262275696 0.6488721966743469 0.11980845034122467 0.0774916335940361
0 0.692751407623291 0.7377405762672424 0.16517843306064606 0.112604521214962
0 0.3515574038028717 0.900101900100708 0.24502459168434143 0.1997961699962616
0 0.2902182936668396 0.5835015773773193 0.09566712379455566 0.053056906908750534
0 0.6078093647956848 0.541903555393219 0.13067135214805603 0.07643124461174011
0 0.430763304233551 0.590070366859436 0.09167864918708801 0.056225333362817764
0 0.34228411316871643 0.5345033407211304 0.07234887033700943 0.038917381316423416
0 0.6601401567459106 0.6467174887657166 0.12022038549184799 0.06958605349063873
0 0.14877314865589142 0.7124817967414856 0.1939273625612259 0.12349675595760345
0 0.37309637665748596 0.5103496313095093 0.05802680179476738 0.02212066575884819
