0 0.7042605876922607 0.5627025365829468 0.2887198030948639 0.2623617351055145
0 0.9306545257568359 0.548112154006958 0.13767598569393158 0.392709344625473
0 0.4876229465007782 0.38631367683410645 0.2485276162624359 0.41114768385887146
0 0.28715354204177856 0.5471607446670532 0.09530773013830185 0.1536768525838852
0 0.18231375515460968 0.5609286427497864 0.07509388774633408 0.09515482932329178
0 0.09683702886104584 0.4743176996707916 0.05804592743515968 0.08284880965948105
0 0.42724165320396423 0.52220618724823 0.2028297483921051 0.25041908025741577
0 0.04796239361166954 0.5509882569313049 0.0754435732960701 0.11788759380578995
0 0.04759092256426811 0.5692979693412781 0.07196018099784851 0.0839402973651886
0 0.12739303708076477 0.5584133267402649 0.047919195145368576 0.07119853049516678
