0 0.8220067620277405 0.897543728351593 0.29043838381767273 0.204426571726799
0 0.4009222388267517 0.7518417239189148 0.16237318515777588 0.12285639345645905
0 0.41383713483810425 0.6491718292236328 0.12049026787281036 0.07811145484447479
0 0.25863221287727356 0.6278896331787109 0.10262300074100494 0.06422144919633865
0 0.3465133607387543 0.9016715884208679 0.2405594140291214 0.19634704291820526
0 0.6937259435653687 0.7362483739852905 0.16497966647148132 0.11215254664421082
0 0.3389263451099396 0.5357054471969604 0.0730118378996849 0.039431191980838776
0 0.13596174120903015 0.7183473706245422 0.17228078842163086 0.11257997900247574
0 0.28688162565231323 0.5846586227416992 0.0965866968035698 0.05295867845416069
0 0.4297347068786621 0.5875669717788696 0.09510289132595062 0.05469373241066933
0 0.18560782074928284 0.652202844619751 0.07378421723842621 0.01934814453125
0 0.658535897731781 0.6307643055915833 0.1293109506368637 0.10135535895824432
