0 0.3563934862613678 0.8703393340110779 0.23686014115810394 0.20945434272289276
0 0.4049835205078125 0.7204405069351196 0.15060444176197052 0.11304549872875214
0 0.7859439253807068 0.8492725491523743 0.2545115053653717 0.18417580425739288
0 0.3681514263153076 0.5086457133293152 0.05839589610695839 0.035068608820438385
0 0.2957970201969147 0.5842135548591614 0.08204226940870285 0.04888852313160896
0 0.6081241369247437 0.5453413128852844 0.12827786803245544 0.09790954738855362
0 0.6781607866287231 0.7056452631950378 0.14485055208206177 0.10223903506994247
0 0.4142211079597473 0.6376379132270813 0.11406662315130234 0.06772397458553314
0 0.04139402136206627 0.9778119921684265 0.07939504086971283 0.04371490329504013
0 0.6782153248786926 0.7053601741790771 0.14383426308631897 0.10265649110078812
0 0.3248363435268402 0.5478497743606567 0.07734841108322144 0.04360055923461914
0 0.20883780717849731 0.6463037729263306 0.14978563785552979 0.09523200988769531
0 0.5259188413619995 0.6294645667076111 0.0381893590092659 0.05149536207318306
0 0.10040649026632309 0.7982574701309204 0.20026016235351562 0.19971288740634918
0 0.6525616645812988 0.6162393093109131 0.1186625137925148 0.08759212493896484
0 0.4300280511379242 0.579718291759491 0.09131953120231628 0.05047149583697319
0 0.3988569378852844 0.4858036935329437 0.04588961973786354 0.02311534807085991
0 0.6507315635681152 0.6165016293525696 0.12032391875982285 0.0892980545759201
