0 0.5377627015113831 0.3489292860031128 0.2244124412536621 0.5550877451896667
0 0.6939722895622253 0.5107449293136597 0.31930238008499146 0.3685061037540436
0 0.9282863736152649 0.5630558133125305 0.1428302824497223 0.36088111996650696
0 0.308368980884552 0.5458361506462097 0.12626120448112488 0.15826772153377533
0 0.18111515045166016 0.5254889130592346 0.0909401923418045 0.16194161772727966
0 0.017507802695035934 0.5705806016921997 0.03479205071926117 0.07714030146598816
0 0.05172531679272652 0.5590733289718628 0.03894050791859627 0.06899023801088333
0 0.032992489635944366 0.5739627480506897 0.06598497927188873 0.08950313925743103
0 0.09567340463399887 0.48142367601394653 0.056650709360837936 0.09461836516857147
0 0.026339028030633926 0.5697639584541321 0.05246245488524437 0.07764152437448502
