0 0.8209116458892822 0.8980326056480408 0.2926933467388153 0.20324459671974182
0 0.35850706696510315 0.8803040981292725 0.2273954302072525 0.20698527991771698
0 0.3046891689300537 0.5729585886001587 0.08650404959917068 0.04948819428682327
0 0.27134761214256287 0.6105822920799255 0.10465198010206223 0.05909767001867294
0 0.07708314806222916 0.8770980834960938 0.1534109264612198 0.24419733881950378
0 0.4042529761791229 0.733083963394165 0.14652018249034882 0.10975971072912216
0 0.414425253868103 0.6455305814743042 0.11449186503887177 0.07190723717212677
0 0.1604248583316803 0.7047964930534363 0.18993449211120605 0.12530727684497833
0 0.34483641386032104 0.5358814001083374 0.07142650336027145 0.03968025743961334
0 0.6885356903076172 0.7327640652656555 0.1658053994178772 0.11190617829561234
0 0.4310670495033264 0.5875959992408752 0.09065334498882294 0.05325374752283096
0 0.6881659626960754 0.7327003479003906 0.16511400043964386 0.11134014278650284
0 0.6596575379371643 0.640507698059082 0.12282522767782211 0.06974677741527557
0 0.6553685069084167 0.6303737759590149 0.12360364943742752 0.09205640107393265
0 0.15802234411239624 0.706425666809082 0.18740977346897125 0.12137769162654877
0 0.6065893173217773 0.54761803150177 0.1275656819343567 0.0888790413737297
0 0.607318639755249 0.5423082113265991 0.13012751936912537 0.07783295214176178
