0 0.7099779844284058 0.5098068118095398 0.3248336911201477 0.37767839431762695
0 0.5396101474761963 0.3424246311187744 0.23209361732006073 0.5727425813674927
0 0.9355404376983643 0.5627922415733337 0.12833671271800995 0.36263468861579895
0 0.3097745180130005 0.5478112101554871 0.12349557876586914 0.15743571519851685
0 0.022045370191335678 0.5758554935455322 0.044090740382671356 0.0888410210609436
0 0.19962166249752045 0.5241823792457581 0.10488824546337128 0.16626273095607758
0 0.0947561040520668 0.47354957461357117 0.05525631830096245 0.08082275092601776
0 0.12240983545780182 0.5505396723747253 0.06111771985888481 0.08989845216274261
0 0.06097537651658058 0.5552365779876709 0.03992483392357826 0.07262793928384781
0 0.23847398161888123 0.5561702251434326 0.06452522426843643 0.12351430207490921
