0 0.8208960890769958 0.8975763916969299 0.2916707992553711 0.20429451763629913
0 0.3545699417591095 0.8802165985107422 0.2219078093767166 0.20775076746940613
0 0.41461503505706787 0.6464897394180298 0.1149868443608284 0.07390022277832031
0 0.6936565637588501 0.736524224281311 0.16476812958717346 0.11303050071001053
0 0.40293216705322266 0.7318722605705261 0.14563675224781036 0.10348599404096603
0 0.26648586988449097 0.614013135433197 0.10186318308115005 0.06507416069507599
0 0.6563028693199158 0.6422579884529114 0.12414573132991791 0.06734886020421982
0 0.34153929352760315 0.5347643494606018 0.07591838389635086 0.039742182940244675
0 0.6063895225524902 0.5412496328353882 0.12915275990962982 0.07765410840511322
0 0.07710134983062744 0.8766384720802307 0.15308207273483276 0.24550285935401917
0 0.29665407538414 0.57220458984375 0.08286796510219574 0.04182535782456398
0 0.14737489819526672 0.712034285068512 0.1776045262813568 0.12784309685230255
0 0.4308808445930481 0.586059033870697 0.08937197178602219 0.050873756408691406
