0 0.7985835075378418 0.8726413249969482 0.2666624188423157 0.19721107184886932
0 0.3583081364631653 0.8791986107826233 0.22913533449172974 0.2084861695766449
0 0.07863330841064453 0.8753430843353271 0.15610872209072113 0.24745845794677734
0 0.4052937924861908 0.7295311093330383 0.14992085099220276 0.11297722160816193
0 0.2859392464160919 0.6002412438392639 0.09003575891256332 0.054158784449100494
0 0.31545931100845337 0.5596663355827332 0.08025874197483063 0.04467334598302841
0 0.4133930504322052 0.6496906280517578 0.11198052018880844 0.0796658843755722
0 0.1792786717414856 0.6826985478401184 0.17227528989315033 0.11336803436279297
0 0.6070060729980469 0.5429461598396301 0.12590263783931732 0.07966731488704681
0 0.6791621446609497 0.7132328152656555 0.1493048220872879 0.10336532443761826
0 0.3464296758174896 0.5351318120956421 0.07378187030553818 0.0410691574215889
0 0.6078174114227295 0.5412970185279846 0.12761376798152924 0.07636318355798721
0 0.6794289946556091 0.7133222222328186 0.14755842089653015 0.10351963341236115
0 0.6549342274665833 0.6358264088630676 0.12015499174594879 0.06054268032312393
0 0.6559667587280273 0.6380338072776794 0.1182766929268837 0.060552407056093216
