0 0.8197987675666809 0.8978931307792664 0.2928812801837921 0.20348700881004333
0 0.3599611222743988 0.8800622224807739 0.23094533383846283 0.20890967547893524
0 0.40588000416755676 0.7311332821846008 0.14682558178901672 0.11171264946460724
0 0.16609835624694824 0.7021105885505676 0.18002912402153015 0.10672950744628906
0 0.2779739201068878 0.6070898175239563 0.09042885154485703 0.05700187757611275
0 0.6826583743095398 0.7159753441810608 0.14548644423484802 0.1032513901591301
0 0.4153226315975189 0.6431010961532593 0.11475304514169693 0.06564057618379593
0 0.3085223138332367 0.5670792460441589 0.08628879487514496 0.04549827426671982
0 0.34485283493995667 0.5346591472625732 0.07184939831495285 0.04018138349056244
0 0.6074590682983398 0.5426709651947021 0.12934213876724243 0.07833995670080185
0 0.6067014336585999 0.5442825555801392 0.12749040126800537 0.08217751234769821
0 0.07771250605583191 0.8777282238006592 0.15404264628887177 0.24454358220100403
0 0.43154552578926086 0.5877677798271179 0.09056226909160614 0.05125211179256439
0 0.6547785997390747 0.6378164291381836 0.12308128923177719 0.05936877056956291
0 0.07825703173875809 0.8778215050697327 0.1560477614402771 0.2427075058221817
