0 0.8208205699920654 0.8976461887359619 0.29149559140205383 0.20414842665195465
0 0.26459699869155884 0.6191892027854919 0.09786487370729446 0.06108398362994194
0 0.3524632155895233 0.8851766586303711 0.22609074413776398 0.213935986161232
0 0.41433173418045044 0.6469993591308594 0.11779327690601349 0.07476609200239182
0 0.6936996579170227 0.736599326133728 0.16606298089027405 0.11302897334098816
0 0.29828375577926636 0.5760362148284912 0.08708535879850388 0.04984455183148384
0 0.40283191204071045 0.735095739364624 0.1475951373577118 0.10967560112476349
0 0.660499632358551 0.642238974571228 0.12345241755247116 0.06699828803539276
0 0.6064098477363586 0.5438169240951538 0.12829996645450592 0.08182767033576965
0 0.34174609184265137 0.5349770784378052 0.07617904990911484 0.039972495287656784
0 0.07344887405633926 0.881853461265564 0.14649666845798492 0.23629309237003326
0 0.43094515800476074 0.5860399007797241 0.08980577439069748 0.05102068558335304
0 0.6070103049278259 0.541537344455719 0.13083191215991974 0.0768638327717781
0 0.14193454384803772 0.7155439853668213 0.17814406752586365 0.11473458260297775
0 0.6576271653175354 0.6410008668899536 0.12257498502731323 0.07462672889232635
