0 0.7803860902786255 0.3723740875720978 0.4383562207221985 0.7379056811332703
0 0.3091883957386017 0.5605604648590088 0.18882989883422852 0.23624789714813232
0 0.48007506132125854 0.5548480153083801 0.17934058606624603 0.19531606137752533
0 0.45923012495040894 0.3853916823863983 0.22062447667121887 0.39832019805908203
0 0.212315171957016 0.5356283783912659 0.08082695305347443 0.16075389087200165
0 0.06507660448551178 0.5616323947906494 0.04773255065083504 0.06639692187309265
0 0.15885691344738007 0.5522847175598145 0.0410442017018795 0.10123833268880844
0 0.03156999126076698 0.5651226043701172 0.02488081529736519 0.05886026844382286
0 0.011229725554585457 0.5349822044372559 0.02210627868771553 0.04160444438457489
0 0.09587354958057404 0.48561349511146545 0.056853245943784714 0.1059107780456543
