0 0.8099517822265625 0.8905000686645508 0.27688440680503845 0.20976117253303528
0 0.36028486490249634 0.8799201846122742 0.23311170935630798 0.21272048354148865
0 0.4052325189113617 0.7286943197250366 0.14879289269447327 0.11353670805692673
0 0.280192106962204 0.6051275730133057 0.08794949948787689 0.05104541778564453
0 0.3136550486087799 0.5616759061813354 0.07902221381664276 0.04476795345544815
0 0.41404208540916443 0.6493076086044312 0.11195433139801025 0.07789026945829391
0 0.07874415069818497 0.8771158456802368 0.15554197132587433 0.24432386457920074
0 0.1745198518037796 0.68809574842453 0.17885266244411469 0.11674213409423828
0 0.6069039702415466 0.543378472328186 0.12711724638938904 0.0798548087477684
0 0.43103745579719543 0.5882535576820374 0.09163713455200195 0.05399761348962784
0 0.6079086065292358 0.5422147512435913 0.13017477095127106 0.0775478333234787
0 0.34547120332717896 0.5355163812637329 0.07097826153039932 0.040567558258771896
0 0.67929607629776 0.7144625782966614 0.1503606140613556 0.10449790954589844
0 0.6559556722640991 0.6383138298988342 0.11948823928833008 0.05641651153564453
0 0.6791659593582153 0.7143198847770691 0.14861449599266052 0.1035299301147461
0 0.6574277281761169 0.639585554599762 0.11502193659543991 0.05630938336253166
