0 0.27336153388023376 0.863020658493042 0.2201470583677292 0.2558441162109375
0 0.3616296052932739 0.7212023735046387 0.15539881587028503 0.23678657412528992
0 0.7533513307571411 0.941792368888855 0.19558334350585938 0.10709652304649353
0 0.09657593816518784 0.30922219157218933 0.09305310249328613 0.19988971948623657
0 0.017907358705997467 0.427438348531723 0.035757992416620255 0.1346711665391922
0 0.370794415473938 0.45792269706726074 0.10787687450647354 0.14564256370067596
0 0.6526788473129272 0.536132276058197 0.11061261594295502 0.17519734799861908
0 0.36815345287323 0.5833775401115417 0.13294115662574768 0.16756732761859894
0 0.4315439760684967 0.45205599069595337 0.07670138776302338 0.15364320576190948
0 0.6183800101280212 0.5752535462379456 0.1258413940668106 0.11377783864736557
0 0.1482277810573578 0.3271543085575104 0.03290247172117233 0.10587833821773529
0 0.6230573058128357 0.4661891460418701 0.10386600345373154 0.1589401215314865
0 0.6848050951957703 0.8252310156822205 0.24689559638500214 0.3396131098270416
0 0.18264079093933105 0.3108814060688019 0.04774951934814453 0.08152233809232712
0 0.47697266936302185 0.312909871339798 0.02805245667695999 0.07001201808452606
0 0.5885442495346069 0.3884735703468323 0.08137906342744827 0.12747693061828613
0 0.6167214512825012 0.7046728134155273 0.1479993760585785 0.18210510909557343
0 0.24679699540138245 0.3008476197719574 0.03265638276934624 0.05187926068902016
0 0.5692863464355469 0.33910059928894043 0.06496544182300568 0.09684089571237564
0 0.20031830668449402 0.30927446484565735 0.08160438388586044 0.08222023397684097
0 0.21859140694141388 0.30882975459098816 0.04600340500473976 0.07901374250650406
0 0.562032163143158 0.3454473316669464 0.054171688854694366 0.09979697316884995
0 0.4071914553642273 0.34566810727119446 0.07521114498376846 0.06609751284122467
0 0.3527800440788269 0.304312527179718 0.051235899329185486 0.056803129613399506
0 0.1783023327589035 0.23094496130943298 0.07617782056331635 0.122676782310009
0 0.684509813785553 0.8177375197410583 0.2465551346540451 0.34185564517974854
0 0.33684292435646057 0.21472372114658356 0.04453621059656143 0.05209994688630104
0 0.38542261719703674 0.36831963062286377 0.07477601617574692 0.04155426099896431
