0 0.5820987820625305 0.4872109293937683 0.10001732409000397 0.16088677942752838
0 0.04658396914601326 0.38731834292411804 0.09133552014827728 0.13788706064224243
0 0.2840532064437866 0.7763211727142334 0.17631711065769196 0.28455862402915955
0 0.36387842893600464 0.7184596657752991 0.12876370549201965 0.2304941862821579
0 0.6487550735473633 0.6698490381240845 0.15419845283031464 0.2680400609970093
0 0.3898438513278961 0.5639582872390747 0.12887267768383026 0.19302791357040405
0 0.21502475440502167 0.9521318078041077 0.18135662376880646 0.08783529698848724
0 0.3869915306568146 0.4407784342765808 0.10006148368120193 0.10260280966758728
0 0.18283508718013763 0.314303457736969 0.054821617901325226 0.08782196044921875
0 0.6234923005104065 0.43176940083503723 0.0824665054678917 0.11397349089384079
0 0.5924242734909058 0.27050232887268066 0.07672901451587677 0.12351198494434357
0 0.11655213683843613 0.32895559072494507 0.08396486937999725 0.157466322183609
0 0.6364626288414001 0.5286350846290588 0.11642780154943466 0.07822000235319138
0 0.40342190861701965 0.34953445196151733 0.07611112296581268 0.07620827108621597
0 0.7312295436859131 0.8929638266563416 0.27004826068878174 0.20542296767234802
0 0.4251728951931 0.42831921577453613 0.08092594146728516 0.14398007094860077
0 0.5893751382827759 0.3676917254924774 0.08943405002355576 0.09492447227239609
0 0.23624567687511444 0.30374035239219666 0.03370361402630806 0.06676177680492401
0 0.2657967209815979 0.30381977558135986 0.03340635448694229 0.031644467264413834
0 0.7284372448921204 0.890421450138092 0.2776145935058594 0.20129738748073578
0 0.6582006216049194 0.31284457445144653 0.04304911196231842 0.08305011689662933
0 0.21308907866477966 0.30651047825813293 0.03771572187542915 0.06549309939146042
0 0.6345086693763733 0.4357543885707855 0.06342639774084091 0.11144253611564636
0 0.4372602105140686 0.31927040219306946 0.06666393578052521 0.10475056618452072
