0 0.12407071143388748 0.2962504029273987 0.08814217895269394 0.18978756666183472
0 0.3439942002296448 0.7932412028312683 0.1721474975347519 0.25503677129745483
0 0.03724415972828865 0.3961195945739746 0.0744883194565773 0.12641534209251404
0 0.020666051656007767 0.42932409048080444 0.04115036502480507 0.13747507333755493
0 0.24440322816371918 0.9181444048881531 0.22685617208480835 0.15491440892219543
0 0.36421293020248413 0.5009153485298157 0.11479005962610245 0.1928897500038147
0 0.3521873354911804 0.6322053074836731 0.14031918346881866 0.16506913304328918
0 0.42274054884910583 0.4709404706954956 0.08720191568136215 0.158925861120224
0 0.6561135649681091 0.5747081637382507 0.10978774726390839 0.17947980761528015
0 0.6284018754959106 0.6280946135520935 0.1305309236049652 0.14727060496807098
0 0.623970627784729 0.751085638999939 0.14956079423427582 0.2144784927368164
0 0.6960821747779846 0.8578742146492004 0.28896045684814453 0.2647569477558136
0 0.6301870942115784 0.4986557066440582 0.1149507537484169 0.18901585042476654
0 0.5901897549629211 0.3952663838863373 0.08443400263786316 0.12037116289138794
0 0.21190457046031952 0.3084568679332733 0.07785940170288086 0.08203624933958054
0 0.25952425599098206 0.30352428555488586 0.029134750366210938 0.04130231961607933
0 0.5712157487869263 0.3477318584918976 0.06820869445800781 0.10292694717645645
0 0.47673511505126953 0.32130926847457886 0.0296464916318655 0.05875057727098465
0 0.3442545533180237 0.2268989235162735 0.04363088682293892 0.0734269991517067
0 0.36036765575408936 0.31721627712249756 0.028888320550322533 0.06481670588254929
0 0.40189042687416077 0.3603138327598572 0.0736599937081337 0.06683196872472763
0 0.26069143414497375 0.2987586557865143 0.03387368470430374 0.04706454649567604
0 0.6113378405570984 0.3601052165031433 0.06559384614229202 0.09542934596538544
