0 0.6387712359428406 0.7861441969871521 0.18084806203842163 0.2543831169605255
0 0.347305566072464 0.6759267449378967 0.1522388756275177 0.21826782822608948
0 0.08153155446052551 0.36009249091148376 0.06691645085811615 0.12055955082178116
0 0.22855119407176971 0.9148725271224976 0.21190950274467468 0.15709352493286133
0 0.6673540472984314 0.644156277179718 0.1339424103498459 0.1941649317741394
0 0.3123372197151184 0.9053475856781006 0.15764929354190826 0.18071334064006805
0 0.12524399161338806 0.3374958634376526 0.05940575525164604 0.09685462713241577
0 0.03707219660282135 0.39334556460380554 0.07397584617137909 0.13690778613090515
0 0.3678925633430481 0.513483464717865 0.13918425142765045 0.26643016934394836
0 0.29736328125 0.7885388135910034 0.16431407630443573 0.18744167685508728
0 0.647213876247406 0.5520178079605103 0.1340126097202301 0.18754464387893677
0 0.17122164368629456 0.31783896684646606 0.05283495411276817 0.0841522216796875
0 0.012416246347129345 0.42505159974098206 0.02483249269425869 0.141111359000206
0 0.21038718521595 0.3152744472026825 0.04369719699025154 0.06895952671766281
0 0.6696537733078003 0.6197099089622498 0.13407516479492188 0.13844570517539978
0 0.4072761535644531 0.42878344655036926 0.07863375544548035 0.166530042886734
0 0.20810827612876892 0.3054262697696686 0.04777183383703232 0.08966341614723206
0 0.6177740693092346 0.4936867654323578 0.13200028240680695 0.2728458046913147
0 0.42492809891700745 0.3373141586780548 0.11140839010477066 0.12000444531440735
0 0.40556252002716064 0.3934745490550995 0.0780898705124855 0.10435375571250916
0 0.36926859617233276 0.25548163056373596 0.04378674924373627 0.12710706889629364
0 0.021037522703409195 0.30303776264190674 0.04196246340870857 0.05183529481291771
0 0.2492404282093048 0.3020130395889282 0.04512365534901619 0.05170697718858719
0 0.6184759736061096 0.4928683936595917 0.12879733741283417 0.26871711015701294
0 0.7446988224983215 0.9675401449203491 0.22004833817481995 0.05547785013914108
