0 0.32921984791755676 0.847153902053833 0.20322641730308533 0.2699393928050995
0 0.6721943020820618 0.8517670631408691 0.18194860219955444 0.2516743838787079
0 0.6042044758796692 0.644517183303833 0.1403789520263672 0.21420004963874817
0 0.04913436621427536 0.36961662769317627 0.0904100239276886 0.11436162889003754
0 0.3596709668636322 0.5965506434440613 0.12462158501148224 0.19280801713466644
0 0.397929847240448 0.5304556488990784 0.098261259496212 0.18193918466567993
0 0.01736542209982872 0.399080753326416 0.03472238779067993 0.12274187058210373
0 0.6451030969619751 0.5474938154220581 0.1077648177742958 0.1758398562669754
0 0.7309613823890686 0.9548394083976746 0.1780904084444046 0.07893337309360504
0 0.6245669722557068 0.312801331281662 0.09540748596191406 0.16691899299621582
0 0.10338864475488663 0.34109359979629517 0.06850942224264145 0.1197308599948883
0 0.6245443224906921 0.3100415766239166 0.09426625818014145 0.16455255448818207
0 0.4196106493473053 0.35061708092689514 0.0847073569893837 0.1276169717311859
0 0.6232845783233643 0.45463916659355164 0.10159187018871307 0.14053615927696228
0 0.16516733169555664 0.3173680007457733 0.06836923956871033 0.09737865626811981
0 0.573573887348175 0.44077691435813904 0.06145795062184334 0.13026270270347595
0 0.3774881362915039 0.41847896575927734 0.09099312126636505 0.11443817615509033
0 0.38284391164779663 0.4378550350666046 0.09524348378181458 0.06892479956150055
0 0.032157719135284424 0.3078898787498474 0.06396370381116867 0.05456986650824547
0 0.19403034448623657 0.2869815528392792 0.06645312160253525 0.09593426436185837
0 0.2519378066062927 0.2940759062767029 0.028003787621855736 0.04076266661286354
0 0.5618016123771667 0.3198481798171997 0.03490180894732475 0.0785321518778801
0 0.6293200850486755 0.4357375502586365 0.1013416275382042 0.09799875319004059
0 0.5778259038925171 0.4249799847602844 0.066375732421875 0.09963358938694
0 0.30151987075805664 0.2834157943725586 0.025678062811493874 0.036745961755514145
