0 0.6741276979446411 0.7437799572944641 0.1479053497314453 0.23954536020755768
0 0.28296956419944763 0.8986935019493103 0.2032536119222641 0.18958903849124908
0 0.044064488261938095 0.39178866147994995 0.08812897652387619 0.1295957714319229
0 0.6623228192329407 0.5837858319282532 0.13062934577465057 0.17747598886489868
0 0.3293045163154602 0.6932648420333862 0.15220855176448822 0.23109231889247894
0 0.3664277493953705 0.603087306022644 0.12591947615146637 0.20272183418273926
0 0.10420504957437515 0.3443075716495514 0.06707607209682465 0.10176696628332138
0 0.23352311551570892 0.30383774638175964 0.04881758615374565 0.06439626961946487
0 0.587932825088501 0.34152576327323914 0.0954132080078125 0.11889801174402237
0 0.6142738461494446 0.44225722551345825 0.10979728400707245 0.20193682610988617
0 0.1434488594532013 0.30631783604621887 0.09266432374715805 0.1437264233827591
0 0.6151056289672852 0.44167324900627136 0.10983492434024811 0.19985267519950867
0 0.14402835071086884 0.30913054943084717 0.09114791452884674 0.12967918813228607
0 0.08265992999076843 0.2944625914096832 0.04473989084362984 0.04732821509242058
0 0.019069787114858627 0.31935009360313416 0.038139574229717255 0.09012818336486816
0 0.2658385634422302 0.2984394431114197 0.030404886230826378 0.041972238570451736
0 0.5728850960731506 0.2608880400657654 0.07965128868818283 0.06978252530097961
0 0.30214545130729675 0.28230753540992737 0.028168391436338425 0.04304806888103485
0 0.381346732378006 0.417112797498703 0.13651816546916962 0.19802969694137573
0 0.33866289258003235 0.29663655161857605 0.046539369970560074 0.04122636467218399
0 0.5348405838012695 0.36457404494285583 0.025552209466695786 0.07579735666513443
0 0.478864848613739 0.32415109872817993 0.03179321438074112 0.05414089560508728
0 0.42427805066108704 0.33389249444007874 0.06842784583568573 0.09192539006471634
0 0.5380771160125732 0.34949302673339844 0.034824784845113754 0.10395770519971848
