0 0.6890718936920166 0.9136322736740112 0.20166422426700592 0.16422221064567566
0 0.325893372297287 0.6729077100753784 0.134487584233284 0.17347294092178345
0 0.2573153078556061 0.8994409441947937 0.2037864625453949 0.19212329387664795
0 0.7628181576728821 0.41449111700057983 0.09408441931009293 0.1398015022277832
0 0.3765827417373657 0.5641284584999084 0.12841524183750153 0.21283602714538574
0 0.6162897348403931 0.46192359924316406 0.09405720978975296 0.15885990858078003
0 0.03931089863181114 0.3912021815776825 0.07851551473140717 0.15465892851352692
0 0.13299675285816193 0.32600870728492737 0.08089612424373627 0.12404301762580872
0 0.5892282128334045 0.3767964243888855 0.0694696456193924 0.12680914998054504
0 0.5946453213691711 0.6610585451126099 0.04043630138039589 0.1994224339723587
0 0.4409601092338562 0.2650015354156494 0.07354240119457245 0.12492446601390839
0 0.6930838227272034 0.6640537977218628 0.18766459822654724 0.4404428005218506
0 0.38635703921318054 0.4466417133808136 0.10502774268388748 0.09695590287446976
0 0.20923267304897308 0.30766651034355164 0.06276243180036545 0.07949105650186539
0 0.007564471568912268 0.43502309918403625 0.015128943137824535 0.12010294944047928
0 0.13103216886520386 0.3237992525100708 0.08179561793804169 0.12477922439575195
0 0.41309845447540283 0.3672018051147461 0.08109045028686523 0.09844335168600082
0 0.4001058042049408 0.399460107088089 0.08425340801477432 0.07933434098958969
0 0.3942738175392151 0.4294295608997345 0.09754972159862518 0.10797424614429474
0 0.5671340823173523 0.31255751848220825 0.07872368395328522 0.12397079169750214
0 0.3536340892314911 0.3014099895954132 0.03617744520306587 0.042272213846445084
0 0.4356072247028351 0.350879967212677 0.07983436435461044 0.10949528962373734
0 0.019397327676415443 0.30227428674697876 0.03869927302002907 0.047210127115249634
