0 0.700668454170227 0.8827463984489441 0.18949738144874573 0.226806640625
0 0.925353467464447 0.708148181438446 0.1492929458618164 0.24518953263759613
0 0.15456125140190125 0.31906095147132874 0.07396676391363144 0.09674614667892456
0 0.6539009213447571 0.710614025592804 0.15336717665195465 0.22874552011489868
0 0.32752615213394165 0.7310420274734497 0.1423017829656601 0.23569759726524353
0 0.6393206119537354 0.5172524452209473 0.1036493331193924 0.16717393696308136
0 0.3595317006111145 0.6083979606628418 0.12684135138988495 0.2119908630847931
0 0.283701628446579 0.8179270625114441 0.18958820402622223 0.22008870542049408
0 0.6161001920700073 0.44259950518608093 0.09301242977380753 0.13925617933273315
0 0.20005586743354797 0.30513736605644226 0.05392332002520561 0.08861459791660309
0 0.274185448884964 0.9166045188903809 0.2240859717130661 0.1520916372537613
0 0.3789155185222626 0.4778890609741211 0.11027421802282333 0.19147233664989471
0 0.2972949743270874 0.7343400716781616 0.1960059553384781 0.23449644446372986
0 0.2516786754131317 0.2963172197341919 0.05135970190167427 0.06351196765899658
0 0.022513210773468018 0.38522326946258545 0.04490207880735397 0.21582144498825073
0 0.07335006445646286 0.31463614106178284 0.06530511379241943 0.10409856587648392
0 0.40847060084342957 0.37330684065818787 0.1056218147277832 0.248447448015213
0 0.111597940325737 0.3099358379840851 0.03158917278051376 0.06752002984285355
0 0.3779621124267578 0.44236356019973755 0.10937213897705078 0.12589557468891144
0 0.5710582137107849 0.3495999872684479 0.09062465280294418 0.17622847855091095
0 0.5707207918167114 0.34809941053390503 0.09363739937543869 0.17729713022708893
