0 0.2902052700519562 0.7954069375991821 0.18664045631885529 0.29499003291130066
0 0.36739012598991394 0.7015323042869568 0.1404837667942047 0.24367834627628326
0 0.6342488527297974 0.5205705165863037 0.11289958655834198 0.16034793853759766
0 0.4295232892036438 0.3781323730945587 0.07331670075654984 0.12114059925079346
0 0.03556891158223152 0.37803521752357483 0.07103284448385239 0.168626070022583
0 0.6804021000862122 0.762124240398407 0.1897565871477127 0.2974049746990204
0 0.7434098720550537 0.8903250694274902 0.1971442550420761 0.20381933450698853
0 0.015475395135581493 0.43961301445961 0.030914265662431717 0.13944193720817566
0 0.5762318968772888 0.33635932207107544 0.08344116061925888 0.12731391191482544
0 0.5804193615913391 0.4251696467399597 0.08243166655302048 0.13162408769130707
0 0.11378251761198044 0.3303569257259369 0.07285276055335999 0.11264066398143768
0 0.2221098393201828 0.27483487129211426 0.055709172040224075 0.1300676167011261
0 0.3422060012817383 0.5782061815261841 0.14481785893440247 0.14696112275123596
0 0.3610118329524994 0.5029891729354858 0.11094322055578232 0.0825139656662941
0 0.3718942105770111 0.448463499546051 0.10373309254646301 0.12037819623947144
0 0.3898882567882538 0.3960449993610382 0.09235531836748123 0.11424289643764496
0 0.6439612507820129 0.4356594979763031 0.08394762873649597 0.08084273338317871
0 0.5568323731422424 0.23864641785621643 0.0741613358259201 0.16166239976882935
0 0.17242120206356049 0.3152453899383545 0.061072938144207 0.08824720233678818
0 0.6061690449714661 0.3556763231754303 0.07009544223546982 0.06766614317893982
0 0.3635976016521454 0.5329200029373169 0.11785955727100372 0.15143480896949768
0 0.3596656024456024 0.5546426177024841 0.12147750705480576 0.13222181797027588
0 0.3728148639202118 0.4611645042896271 0.09228626638650894 0.07065550982952118
0 0.07309263199567795 0.3692832887172699 0.043591953814029694 0.12158237397670746
0 0.06294987350702286 0.28884485363960266 0.04679064452648163 0.0624096617102623
0 0.415854275226593 0.3035143315792084 0.07576576620340347 0.07813729345798492
0 0.5765151977539062 0.3318076729774475 0.07840531319379807 0.11615942418575287
0 0.36551085114479065 0.5144519805908203 0.11333122104406357 0.10965186357498169
