0 0.08657155185937881 0.3672006130218506 0.07820220291614532 0.11592737585306168
0 0.3272455930709839 0.7605124711990356 0.15992777049541473 0.24524401128292084
0 0.02404552698135376 0.408319890499115 0.04794801026582718 0.1343322992324829
0 0.6594322323799133 0.7535268068313599 0.19631195068359375 0.34009161591529846
0 0.6135168075561523 0.5750874876976013 0.1222405731678009 0.1868050992488861
0 0.25286704301834106 0.8758437633514404 0.1836426556110382 0.23393209278583527
0 0.7011910676956177 0.957443118095398 0.1631891280412674 0.07709638774394989
0 0.23302984237670898 0.9322753548622131 0.19668687880039215 0.12700703740119934
0 0.3093831241130829 0.6336243748664856 0.15341158211231232 0.1980859786272049
0 0.3359137773513794 0.6392446160316467 0.1620975285768509 0.2086758017539978
0 0.17214761674404144 0.3168196976184845 0.05261661112308502 0.09390702098608017
0 0.4382120966911316 0.3186056911945343 0.09275620430707932 0.10671629756689072
0 0.6513124108314514 0.5038567781448364 0.10214748233556747 0.15658193826675415
0 0.39328715205192566 0.4168785810470581 0.11687100678682327 0.21656259894371033
0 0.360867977142334 0.6359557509422302 0.11453036963939667 0.20826087892055511
0 0.2389930784702301 0.2964945137500763 0.04432188719511032 0.06115603819489479
0 0.6073518395423889 0.3669683635234833 0.10977382957935333 0.1699388325214386
0 0.3716873228549957 0.505560576915741 0.1149570494890213 0.16784384846687317
0 0.20569853484630585 0.31303051114082336 0.04284149780869484 0.08095821738243103
0 0.12060162425041199 0.33443793654441833 0.08468892425298691 0.11752200871706009
0 0.6306287050247192 0.4295949339866638 0.08828906714916229 0.11002321541309357
0 0.3522823452949524 0.3074932098388672 0.0294621791690588 0.04026723653078079
0 0.2764907777309418 0.3019413352012634 0.026974741369485855 0.030124522745609283
0 0.37724876403808594 0.6395402550697327 0.08061660081148148 0.21079067885875702
0 0.5444783568382263 0.40144696831703186 0.02992229536175728 0.08476714789867401
0 0.38160791993141174 0.48748961091041565 0.09528955072164536 0.13016970455646515
0 0.6497610211372375 0.47919905185699463 0.10444335639476776 0.11999918520450592
