0 0.030819421634078026 0.4111975133419037 0.06122559309005737 0.13657602667808533
0 0.3615524172782898 0.6398284435272217 0.12271080166101456 0.21020202338695526
0 0.6581224799156189 0.8352734446525574 0.17184600234031677 0.26370108127593994
0 0.23916085064411163 0.9259994626045227 0.22477546334266663 0.13585646450519562
0 0.09032294899225235 0.35823020339012146 0.05962786823511124 0.10725029557943344
0 0.6303815245628357 0.6389553546905518 0.163482666015625 0.27243155241012573
0 0.12948499619960785 0.3351840674877167 0.05947692319750786 0.10082434117794037
0 0.7183250188827515 0.9260717034339905 0.26904022693634033 0.1384429931640625
0 0.27264779806137085 0.8333123326301575 0.19303131103515625 0.2819521725177765
0 0.29600268602371216 0.72028648853302 0.15215834975242615 0.21868054568767548
0 0.3406892418861389 0.5346892476081848 0.13217169046401978 0.15477252006530762
0 0.6443254351615906 0.43997806310653687 0.08848215639591217 0.10684593766927719
0 0.40141981840133667 0.3875104486942291 0.11121699213981628 0.19144707918167114
0 0.6049127578735352 0.5141422748565674 0.11163368076086044 0.17181622982025146
0 0.16227522492408752 0.3219505548477173 0.03952379152178764 0.08998240530490875
0 0.38031110167503357 0.44769999384880066 0.10797761380672455 0.13384921848773956
0 0.24909073114395142 0.29978594183921814 0.03879769518971443 0.04420318454504013
0 0.6205362677574158 0.387161523103714 0.08054561913013458 0.08567623794078827
0 0.04181508347392082 0.37869420647621155 0.07809913903474808 0.137917160987854
0 0.5963610410690308 0.34570541977882385 0.10456027835607529 0.163042813539505
0 0.35159385204315186 0.44196003675460815 0.08387257158756256 0.053292591124773026
0 0.1704483926296234 0.31879571080207825 0.055359140038490295 0.09255413711071014
0 0.5389575958251953 0.38009241223335266 0.027504349127411842 0.07509028166532516
0 0.21270328760147095 0.31716403365135193 0.04789665713906288 0.07284839451313019
0 0.4726974666118622 0.33685973286628723 0.03494281694293022 0.05354902520775795
0 0.3618142306804657 0.5309885740280151 0.12950070202350616 0.14541727304458618
