0 0.695297360420227 0.8584203720092773 0.18517227470874786 0.2653130888938904
0 0.25680670142173767 0.8649671673774719 0.2563607692718506 0.24958766996860504
0 0.38274717330932617 0.6129236221313477 0.12542222440242767 0.20387794077396393
0 0.10270508378744125 0.3556806743144989 0.05143202841281891 0.11514414846897125
0 0.6522490382194519 0.7513556480407715 0.21197891235351562 0.39896872639656067
0 0.3835563063621521 0.4178967773914337 0.10139646381139755 0.1350855529308319
0 0.3109052777290344 0.7493872046470642 0.175277441740036 0.31999343633651733
0 0.6163098812103271 0.505746603012085 0.10239925235509872 0.09626396745443344
0 0.260677695274353 0.30595752596855164 0.04488649219274521 0.04158034175634384
0 0.4422546327114105 0.4160250723361969 0.05656738206744194 0.13787201046943665
0 0.04314994812011719 0.3433409631252289 0.08524402230978012 0.2323666363954544
0 0.6101885437965393 0.43059200048446655 0.10202884674072266 0.1529117226600647
0 0.1453271359205246 0.31943222880363464 0.05297651141881943 0.09009622782468796
0 0.5864354968070984 0.36149415373802185 0.08082478493452072 0.11913200467824936
0 0.2140585333108902 0.30806511640548706 0.046127524226903915 0.07374216616153717
0 0.04219525679945946 0.34176281094551086 0.08420857042074203 0.23319204151630402
0 0.642245888710022 0.47171342372894287 0.11175193637609482 0.13007865846157074
0 0.18290454149246216 0.3273426294326782 0.04390586167573929 0.07299219816923141
0 0.6405181884765625 0.4507094621658325 0.08748270571231842 0.08714819699525833
0 0.40840864181518555 0.33676445484161377 0.09068755805492401 0.05371223762631416
0 0.5703421831130981 0.32038411498069763 0.07545061409473419 0.09904268383979797
0 0.17643895745277405 0.3182457387447357 0.057681307196617126 0.09205788373947144
0 0.21929970383644104 0.31462714076042175 0.03665580600500107 0.06225176155567169
0 0.55686354637146 0.3329888880252838 0.04927463456988335 0.08477817475795746
