0 0.624836266040802 0.7141827344894409 0.1611461639404297 0.23013627529144287
0 0.05168699100613594 0.3828715682029724 0.0750817060470581 0.12691517174243927
0 0.2557077407836914 0.8548714518547058 0.19710233807563782 0.23292405903339386
0 0.09658218175172806 0.34815680980682373 0.06533760577440262 0.10764295607805252
0 0.35722383856773376 0.6176061630249023 0.13796335458755493 0.2019861787557602
0 0.2556649148464203 0.9492861032485962 0.1881072223186493 0.09222960472106934
0 0.6637041568756104 0.608401358127594 0.11919250339269638 0.19311778247356415
0 0.3251197934150696 0.7052361369132996 0.1482672095298767 0.17123457789421082
0 0.020342430099844933 0.4260796904563904 0.040684860199689865 0.144047349691391
0 0.7359336614608765 0.9093419909477234 0.2641521394252777 0.17460887134075165
0 0.1531590074300766 0.3241928517818451 0.06294415891170502 0.09492103010416031
0 0.33871200680732727 0.8561477661132812 0.14145240187644958 0.2618703246116638
0 0.37808939814567566 0.4805634021759033 0.13328322768211365 0.2637709975242615
0 0.641068160533905 0.507538378238678 0.10866012424230576 0.1531541347503662
0 0.19002103805541992 0.3111715018749237 0.05152161791920662 0.09435306489467621
0 0.6194568872451782 0.43666964769363403 0.1284732222557068 0.2287103682756424
0 0.23030409216880798 0.3092828094959259 0.05661811679601669 0.08743710070848465
0 0.4140442907810211 0.3425261974334717 0.07816994935274124 0.11312128603458405
0 0.584039032459259 0.3284846544265747 0.07925071567296982 0.09332261234521866
0 0.24278144538402557 0.9302664399147034 0.22350767254829407 0.13248834013938904
0 0.3876599669456482 0.41996052861213684 0.12270889431238174 0.15684430301189423
0 0.3643444776535034 0.2550813555717468 0.04477224498987198 0.12667788565158844
0 0.4295571744441986 0.33761656284332275 0.10252777487039566 0.11144877970218658
0 0.24103933572769165 0.3025369644165039 0.046790171414613724 0.06625840812921524
