0 0.1025625616312027 0.35446810722351074 0.07934193313121796 0.10716895014047623
0 0.3341073989868164 0.6155886054039001 0.13953685760498047 0.23187510669231415
0 0.6516306400299072 0.6066045761108398 0.15223446488380432 0.23803982138633728
0 0.029802609235048294 0.3898443579673767 0.05938076972961426 0.14496079087257385
0 0.26219242811203003 0.8598334193229675 0.2330561727285385 0.2661589980125427
0 0.6677462458610535 0.929166853427887 0.20355333387851715 0.13591817021369934
0 0.6846542358398438 0.7058613896369934 0.14336052536964417 0.22844548523426056
0 0.3968163728713989 0.5598456263542175 0.1126026138663292 0.1889435350894928
0 0.6089873909950256 0.4440615475177765 0.09444694221019745 0.13373294472694397
0 0.18258771300315857 0.27631863951683044 0.070256806910038 0.15377534925937653
0 0.6541793942451477 0.8291358351707458 0.16359786689281464 0.22143350541591644
0 0.12974736094474792 0.33975937962532043 0.06181562691926956 0.10101012885570526
0 0.5685152411460876 0.3772237002849579 0.07054176181554794 0.11225981265306473
0 0.3767877221107483 0.455060213804245 0.10269603878259659 0.07862986624240875
0 0.04414765164256096 0.3228270709514618 0.052740033715963364 0.10626305639743805
0 0.24632035195827484 0.30492186546325684 0.03458414226770401 0.0464494489133358
0 0.5547438263893127 0.2541283369064331 0.0716363936662674 0.16841861605644226
0 0.6677523255348206 0.8551179766654968 0.19638830423355103 0.2719987630844116
0 0.39204153418540955 0.3908751606941223 0.0925164520740509 0.10237172245979309
0 0.28625601530075073 0.962605357170105 0.17301811277866364 0.07132060080766678
0 0.3876643776893616 0.42525631189346313 0.11309566348791122 0.08704681694507599
0 0.5678492188453674 0.30662086606025696 0.06802234798669815 0.08765411376953125
0 0.5996970534324646 0.3219878375530243 0.06432457268238068 0.0477287583053112
0 0.2694324553012848 0.3017178475856781 0.025087086483836174 0.032125432044267654
0 0.6355064511299133 0.40427228808403015 0.07573089748620987 0.12227969616651535
0 0.3914262056350708 0.409607857465744 0.0967474952340126 0.09847073256969452
0 0.41225308179855347 0.5665704607963562 0.07830321043729782 0.17025908827781677
0 0.35871395468711853 0.30540093779563904 0.03765913471579552 0.04206418618559837
