0 0.6910176873207092 0.8195660710334778 0.16635417938232422 0.2591991424560547
0 0.2933732569217682 0.8690480589866638 0.19744853675365448 0.25252074003219604
0 0.8979699611663818 0.6439397931098938 0.1514030396938324 0.21708035469055176
0 0.6472758054733276 0.6647037267684937 0.13806533813476562 0.2213774472475052
0 0.6310158967971802 0.4915047585964203 0.09717254340648651 0.15333884954452515
0 0.13548018038272858 0.328943133354187 0.0767376646399498 0.10416717827320099
0 0.36386793851852417 0.5759195685386658 0.12328427284955978 0.19194765388965607
0 0.05119431018829346 0.3155765235424042 0.06883540004491806 0.0998484268784523
0 0.010210358537733555 0.34368836879730225 0.020358556881546974 0.12756748497486115
0 0.31112441420555115 0.7488466501235962 0.16048267483711243 0.21708831191062927
0 0.6111053228378296 0.4215026795864105 0.09148362278938293 0.130828857421875
0 0.3866615295410156 0.47797563672065735 0.10136016458272934 0.18546821177005768
0 0.41509735584259033 0.3584640920162201 0.101239874958992 0.24414658546447754
0 0.3365508019924164 0.66640704870224 0.12804000079631805 0.21124860644340515
0 0.33711883425712585 0.6376897692680359 0.12689562141895294 0.1469935029745102
0 0.18317727744579315 0.30873405933380127 0.058543331921100616 0.09621667116880417
0 0.08964430540800095 0.31022143363952637 0.03134288638830185 0.07170749455690384
0 0.2404579222202301 0.29030320048332214 0.05193834379315376 0.06286180019378662
0 0.5680770874023438 0.3308623135089874 0.08960533142089844 0.18368227779865265
0 0.3108208477497101 0.716127872467041 0.15333279967308044 0.14175783097743988
0 0.5688012838363647 0.3329890966415405 0.08915618062019348 0.18133898079395294
0 0.33103200793266296 0.2928036153316498 0.025055503472685814 0.03756595030426979
0 0.38565507531166077 0.4520104229450226 0.09788122028112411 0.09415791928768158
