0 0.6282272338867188 0.7866891622543335 0.16689758002758026 0.2590687572956085
0 0.3297123610973358 0.7071716785430908 0.14555321633815765 0.22859327495098114
0 0.030593503266572952 0.39968881011009216 0.061187006533145905 0.13105367124080658
0 0.0750487893819809 0.3528382480144501 0.07615888863801956 0.10974948853254318
0 0.6562746167182922 0.6370883584022522 0.13314908742904663 0.21121735870838165
0 0.3733067214488983 0.6089662313461304 0.13076353073120117 0.20141951739788055
0 0.12523964047431946 0.3370773196220398 0.05897559970617294 0.09535491466522217
0 0.6256318688392639 0.3429711163043976 0.11573486030101776 0.182383194565773
0 0.6547784805297852 0.48811906576156616 0.10597547143697739 0.10731624811887741
0 0.5995871424674988 0.48769068717956543 0.09572804719209671 0.14803653955459595
0 0.6518155932426453 0.5073630809783936 0.1142757385969162 0.14576059579849243
0 0.4063049256801605 0.3731258511543274 0.09487097710371017 0.1279054433107376
0 0.7010417580604553 0.3183329701423645 0.04392306134104729 0.1015949696302414
0 0.008898661471903324 0.45048701763153076 0.017716320231556892 0.10553096979856491
0 0.5646036267280579 0.34297916293144226 0.04432322084903717 0.10772605985403061
0 0.3709408938884735 0.4600955545902252 0.1071324348449707 0.11940036714076996
0 0.4589778780937195 0.24833786487579346 0.06163037568330765 0.08867670595645905
0 0.1962236911058426 0.3073054850101471 0.05377582088112831 0.08431775122880936
0 0.15536323189735413 0.32230478525161743 0.05824899673461914 0.09858952462673187
0 0.3824721574783325 0.5139428973197937 0.11310587078332901 0.10976430028676987
0 0.45048007369041443 0.31519752740859985 0.0747096985578537 0.09504029899835587
0 0.6044299602508545 0.4664250612258911 0.09910812228918076 0.10918273776769638
0 0.37936851382255554 0.4968562424182892 0.10052146762609482 0.08493827283382416
0 0.7141959071159363 0.9775258302688599 0.15119628608226776 0.037444163113832474
0 0.3696635067462921 0.4425257444381714 0.09161520004272461 0.08258972316980362
0 0.550206184387207 0.30621835589408875 0.062830351293087 0.103415846824646
