0 0.3174414336681366 0.7779569625854492 0.16425904631614685 0.2575114071369171
0 0.7029702663421631 0.8990821242332458 0.19959545135498047 0.18320515751838684
0 0.043848976492881775 0.3821476101875305 0.07985064387321472 0.11993840336799622
0 0.6571878790855408 0.6276616454124451 0.1262809783220291 0.21576277911663055
0 0.6419765949249268 0.52034991979599 0.1114727035164833 0.17014434933662415
0 0.20342114567756653 0.3083679974079132 0.05807137489318848 0.0813286080956459
0 0.2744154632091522 0.9280246496200562 0.19980663061141968 0.1274687647819519
0 0.35529080033302307 0.5957462787628174 0.13190212845802307 0.19418266415596008
0 0.15743593871593475 0.3156333565711975 0.035969510674476624 0.0628255233168602
0 0.24246810376644135 0.29400622844696045 0.03839993476867676 0.055338118225336075
0 0.5924951434135437 0.3981991708278656 0.10093574225902557 0.185019850730896
0 0.5915603637695312 0.39617276191711426 0.10003770142793655 0.18720857799053192
0 0.2881137728691101 0.30101221799850464 0.03972263261675835 0.03363760560750961
0 0.3752947449684143 0.516024649143219 0.09508351981639862 0.13263283669948578
0 0.39130115509033203 0.3736286163330078 0.12678129971027374 0.17888912558555603
0 0.09173537790775299 0.33085766434669495 0.10315704345703125 0.15091094374656677
0 0.01116427592933178 0.4562927186489105 0.022281741723418236 0.13275101780891418
0 0.6403738856315613 0.49066686630249023 0.11327126622200012 0.11323906481266022
0 0.4799254536628723 0.3209226131439209 0.026665497571229935 0.0629681646823883
