0 0.7154459357261658 0.8290388584136963 0.18105779588222504 0.2881540358066559
0 0.15034739673137665 0.3265165686607361 0.07419991493225098 0.09836830198764801
0 0.6387040615081787 0.6925708651542664 0.13653405010700226 0.21012572944164276
0 0.27324649691581726 0.9495759010314941 0.175265371799469 0.10084804892539978
0 0.05540764331817627 0.3777969479560852 0.09692594408988953 0.15167394280433655
0 0.33690157532691956 0.6713739037513733 0.14380379021167755 0.1970534771680832
0 0.3321760892868042 0.8540035486221313 0.19110116362571716 0.27730169892311096
0 0.5807356238365173 0.4011247456073761 0.04894256591796875 0.1237080916762352
0 0.7218858599662781 0.36781254410743713 0.07507731020450592 0.12143026292324066
0 0.3932262063026428 0.48883673548698425 0.10565166175365448 0.17742815613746643
0 0.3628248870372772 0.5709118247032166 0.11032609641551971 0.1628805696964264
0 0.6567656397819519 0.5146926045417786 0.15796414017677307 0.3475574851036072
0 0.4274016320705414 0.3414459228515625 0.07253920286893845 0.1066313311457634
0 0.1938394457101822 0.3120594024658203 0.05446786805987358 0.07674933224916458
0 0.02630574256181717 0.3212110698223114 0.05126648768782616 0.08491154760122299
0 0.33978766202926636 0.6300063133239746 0.1426776945590973 0.14788106083869934
0 0.45285454392433167 0.247259721159935 0.06434249877929688 0.09171701967716217
0 0.401481032371521 0.3706320822238922 0.0779714584350586 0.096250519156456
0 0.5759961009025574 0.34342336654663086 0.0701061263680458 0.11221545189619064
0 0.22622117400169373 0.2903592586517334 0.04061736911535263 0.05089840292930603
0 0.22679144144058228 0.30725452303886414 0.044008493423461914 0.07559661567211151
0 0.2548564076423645 0.3046819567680359 0.017234230414032936 0.03286392614245415
0 0.45300349593162537 0.2468804568052292 0.06558621674776077 0.0909179300069809
