0 0.5882352590560913 0.5130194425582886 0.10890134423971176 0.17318327724933624
0 0.2616252601146698 0.861194908618927 0.1910104751586914 0.26694098114967346
0 0.3409278094768524 0.8129698038101196 0.14509111642837524 0.2540971636772156
0 0.37588194012641907 0.612606406211853 0.1437947005033493 0.21021220088005066
0 0.08556946367025375 0.3626202940940857 0.08632281422615051 0.12507560849189758
0 0.660774827003479 0.7478588819503784 0.16957232356071472 0.3033379316329956
0 0.023297389969229698 0.410573273897171 0.04642254486680031 0.1501075178384781
0 0.7161145806312561 0.9459937214851379 0.21324443817138672 0.09566814452409744
0 0.3857209384441376 0.4678272604942322 0.10411834716796875 0.12114545702934265
0 0.6292545795440674 0.4425608217716217 0.08584912866353989 0.11096171289682388
0 0.6420771479606628 0.6197237968444824 0.13067035377025604 0.18657441437244415
0 0.5882642865180969 0.3794022500514984 0.10106417536735535 0.09751349687576294
0 0.6001140475273132 0.27247658371925354 0.08023109287023544 0.11920095235109329
0 0.42167896032333374 0.45018360018730164 0.08541011810302734 0.15406323969364166
0 0.39891186356544495 0.36198046803474426 0.08501968532800674 0.09422977268695831
0 0.19923897087574005 0.3080419898033142 0.04710434377193451 0.08273583650588989
0 0.6593738794326782 0.3089699447154999 0.04365081712603569 0.07118920236825943
0 0.43403226137161255 0.3291592001914978 0.07321116328239441 0.11961714923381805
0 0.13908883929252625 0.3130333125591278 0.0832243263721466 0.1394517421722412
0 0.14362744987010956 0.3436916470527649 0.06860250979661942 0.08438500016927719
0 0.39927685260772705 0.3786323666572571 0.07821805030107498 0.0576104074716568
