0 0.6735619902610779 0.8962902426719666 0.1915094405412674 0.1945783793926239
0 0.055512845516204834 0.3895028829574585 0.08396069705486298 0.1276341825723648
0 0.34456759691238403 0.6947370767593384 0.14190323650836945 0.22753030061721802
0 0.24620339274406433 0.8827080726623535 0.21066537499427795 0.22243833541870117
0 0.6449658274650574 0.6880210041999817 0.19022560119628906 0.309510737657547
0 0.26951226592063904 0.794837236404419 0.18602816760540009 0.23693355917930603
0 0.6523978114128113 0.47164860367774963 0.09262943267822266 0.13105133175849915
0 0.3375004827976227 0.5800098180770874 0.15901078283786774 0.18244019150733948
0 0.3819306194782257 0.4812704622745514 0.10153379291296005 0.15298829972743988
0 0.15164947509765625 0.3225724995136261 0.055164091289043427 0.09265817701816559
0 0.3954911530017853 0.3979259133338928 0.11322431266307831 0.20261722803115845
0 0.6098575592041016 0.5545878410339355 0.11712748557329178 0.2048824429512024
0 0.6030842065811157 0.3770603537559509 0.11209901422262192 0.20939257740974426
0 0.2638179659843445 0.30367711186408997 0.030758937820792198 0.038519006222486496
0 0.009193211793899536 0.4362678527832031 0.018344756215810776 0.14836136996746063
0 0.2275036871433258 0.30855095386505127 0.04791107028722763 0.07469821721315384
0 0.11667165905237198 0.3419610857963562 0.05511480197310448 0.10176357626914978
0 0.6264310479164124 0.40696829557418823 0.08321984857320786 0.09444952756166458
0 0.042105238884687424 0.3214763402938843 0.06640232354402542 0.0893591120839119
0 0.2975056767463684 0.28338053822517395 0.043387603014707565 0.053260013461112976
0 0.10052947700023651 0.3761644959449768 0.03139864653348923 0.08744354546070099
0 0.5471829771995544 0.3689783811569214 0.038968849927186966 0.11651919037103653
0 0.09545108675956726 0.34765517711639404 0.10342959314584732 0.1153889149427414
0 0.18341782689094543 0.3194555640220642 0.038289595395326614 0.09042584151029587
0 0.3543989956378937 0.49124670028686523 0.1083671897649765 0.10319267213344574
0 0.3460438549518585 0.47376853227615356 0.0945354476571083 0.06689503788948059
0 0.07892223447561264 0.3718859553337097 0.07487104833126068 0.09870444238185883
