0 0.017772801220417023 0.438946932554245 0.035517726093530655 0.13420577347278595
0 0.03883173689246178 0.3892732262611389 0.07645102590322495 0.13515132665634155
0 0.6346792578697205 0.7498496770858765 0.19112929701805115 0.3467120826244354
0 0.625386655330658 0.49193641543388367 0.140843003988266 0.19351685047149658
0 0.0846981331706047 0.37112516164779663 0.05650612339377403 0.11193135380744934
0 0.10612095147371292 0.3420110046863556 0.07051751017570496 0.10557974129915237
0 0.1502942591905594 0.33274418115615845 0.05374571308493614 0.09339325875043869
0 0.3788824677467346 0.5151872038841248 0.10552714765071869 0.167533740401268
0 0.3388596475124359 0.614578127861023 0.14904804527759552 0.18915359675884247
0 0.5838218927383423 0.3165578246116638 0.08577015995979309 0.14287056028842926
0 0.5908178687095642 0.43391335010528564 0.10271937400102615 0.12493503838777542
0 0.20889778435230255 0.31211984157562256 0.04470985755324364 0.08065784722566605
0 0.3842208683490753 0.4127514362335205 0.11688581854104996 0.10155758261680603
0 0.29335397481918335 0.8025158047676086 0.2815007269382477 0.38039252161979675
0 0.4153762757778168 0.3369535803794861 0.09923572838306427 0.135650634765625
0 0.23741497099399567 0.3048996031284332 0.03430027887225151 0.0592690072953701
0 0.023697275668382645 0.29746437072753906 0.04690994694828987 0.05361582338809967
0 0.370157390832901 0.4241718649864197 0.11424122005701065 0.10918324440717697
0 0.37361544370651245 0.5441161394119263 0.11105133593082428 0.12660963833332062
0 0.4761791229248047 0.32786041498184204 0.03180370479822159 0.05651991069316864
0 0.5977460741996765 0.3927804231643677 0.10400543361902237 0.10605824738740921
0 0.2928560972213745 0.8026815056800842 0.28116750717163086 0.37716642022132874
0 0.3377624452114105 0.5850353240966797 0.14017130434513092 0.12041834741830826
0 0.6015267968177795 0.37801581621170044 0.0938379317522049 0.07999861240386963
0 0.5977429747581482 0.3402177095413208 0.06220652163028717 0.060709550976753235
0 0.47450631856918335 0.31731176376342773 0.034195803105831146 0.07282663881778717
