0 0.32081201672554016 0.6683521270751953 0.15646764636039734 0.2515104413032532
0 0.6654674410820007 0.8946466445922852 0.18161353468894958 0.2019442468881607
0 0.24456340074539185 0.897139310836792 0.2068374902009964 0.1912587434053421
0 0.7021161317825317 0.77439945936203 0.15475381910800934 0.25119900703430176
0 0.3875398635864258 0.5992476940155029 0.11850833892822266 0.2053152620792389
0 0.0488353967666626 0.36944863200187683 0.09149642288684845 0.13404294848442078
0 0.6576908826828003 0.653777539730072 0.1631343811750412 0.2537955343723297
0 0.619217574596405 0.46502405405044556 0.10184027254581451 0.14088118076324463
0 0.19882947206497192 0.27395492792129517 0.06407518684864044 0.1434425562620163
0 0.5714922547340393 0.38543930649757385 0.07286300510168076 0.11853315681219101
0 0.3840624690055847 0.40461307764053345 0.09196949005126953 0.10242529958486557
0 0.5558815002441406 0.251515656709671 0.07252254337072372 0.17068219184875488
0 0.13581663370132446 0.33179226517677307 0.07801012694835663 0.10189398378133774
0 0.2595004737377167 0.30729055404663086 0.03621330112218857 0.04129079356789589
0 0.3634549081325531 0.49438729882240295 0.10784950107336044 0.10093101114034653
0 0.02237970195710659 0.2873341739177704 0.04475940391421318 0.05867603421211243
0 0.008726612664759159 0.4231518805027008 0.017370987683534622 0.14372049272060394
0 0.6013121008872986 0.33099365234375 0.06459268182516098 0.05974140763282776
0 0.3825058043003082 0.4222427308559418 0.0994265228509903 0.10383323580026627
0 0.4088073670864105 0.3579978048801422 0.09380963444709778 0.09260505437850952
0 0.6347363591194153 0.40339788794517517 0.07443447411060333 0.08438941091299057
0 0.33296576142311096 0.28781211376190186 0.024791335687041283 0.03478105366230011
0 0.5716990828514099 0.31265151500701904 0.07510185241699219 0.09617061167955399
0 0.3650468587875366 0.4679064452648163 0.10201092064380646 0.07910986989736557
