0 0.36376842856407166 0.6737688779830933 0.16328971087932587 0.2240355908870697
0 0.6787182092666626 0.8364438414573669 0.18181197345256805 0.3084140419960022
0 0.322953999042511 0.8956085443496704 0.1691778153181076 0.20328345894813538
0 0.5944755673408508 0.5533314943313599 0.11585216224193573 0.1851167231798172
0 0.2348628044128418 0.91842120885849 0.21298645436763763 0.14640767872333527
0 0.11525335162878036 0.3449282646179199 0.08102346956729889 0.11452531814575195
0 0.04318920522928238 0.3814716935157776 0.08253923058509827 0.1420239806175232
0 0.649253249168396 0.6912720799446106 0.14516715705394745 0.22799994051456451
0 0.41167372465133667 0.47178733348846436 0.09405346214771271 0.15819241106510162
0 0.3781077265739441 0.5150784254074097 0.10847397148609161 0.16241218149662018
0 0.6086857318878174 0.3047794699668884 0.08755073696374893 0.17716336250305176
0 0.012185903266072273 0.4381108582019806 0.024371806532144547 0.10204589366912842
0 0.6346929669380188 0.4849870502948761 0.09698791801929474 0.15437181293964386
0 0.6055380702018738 0.39918771386146545 0.08722782135009766 0.09404449164867401
0 0.16667000949382782 0.3305357098579407 0.04187030717730522 0.07557588070631027
0 0.5964006781578064 0.40710753202438354 0.10792166739702225 0.1109958216547966
0 0.3914790451526642 0.38504311442375183 0.09024152904748917 0.09737014770507812
0 0.21938832104206085 0.30784255266189575 0.038965798914432526 0.08254405856132507
0 0.09504267573356628 0.2731400728225708 0.069136843085289 0.09127908200025558
0 0.2520943284034729 0.30466482043266296 0.035343267023563385 0.04239225015044212
0 0.2476131021976471 0.3074422776699066 0.027582168579101562 0.050062306225299835
0 0.4604202210903168 0.25389564037323 0.05438518524169922 0.07602003961801529
0 0.21207714080810547 0.308418333530426 0.05355612561106682 0.08574490249156952
0 0.4279422163963318 0.32320940494537354 0.07699461281299591 0.09884092211723328
0 0.1601727157831192 0.3013458847999573 0.08677957206964493 0.1285465657711029
