0 0.27194109559059143 0.852389395236969 0.19878961145877838 0.27874353528022766
0 0.34787052869796753 0.7746280431747437 0.15710213780403137 0.26196804642677307
0 0.6439645290374756 0.5495918989181519 0.1182456985116005 0.16872863471508026
0 0.7648125290870667 0.9304189682006836 0.21682192385196686 0.12927936017513275
0 0.036983832716941833 0.3988244831562042 0.07396766543388367 0.13288387656211853
0 0.695433497428894 0.8338214159011841 0.20251604914665222 0.31221064925193787
0 0.422657310962677 0.3915225863456726 0.0826864242553711 0.12927737832069397
0 0.5907343029975891 0.44184502959251404 0.09645233303308487 0.14093559980392456
0 0.3270983397960663 0.63023841381073 0.14365434646606445 0.16822120547294617
0 0.058376748114824295 0.3519931733608246 0.0937790721654892 0.15784047544002533
0 0.5569738745689392 0.23487217724323273 0.07483342289924622 0.170599102973938
0 0.10911168158054352 0.3508078455924988 0.03825030475854874 0.10887874662876129
0 0.14184851944446564 0.3198486268520355 0.06255531311035156 0.10723280906677246
0 0.5768651962280273 0.3425979018211365 0.08520011603832245 0.1375102549791336
0 0.2348412126302719 0.27975961565971375 0.054526187479496 0.12779708206653595
0 0.3624437749385834 0.561481237411499 0.11936766654253006 0.14859585464000702
0 0.38481175899505615 0.41427552700042725 0.09261086583137512 0.10895267128944397
0 0.6103658676147461 0.374711275100708 0.07987505942583084 0.08520722389221191
0 0.6505922079086304 0.45912089943885803 0.0838700607419014 0.08874978125095367
0 0.6483736634254456 0.4472332000732422 0.08305256813764572 0.06294490396976471
0 0.35916614532470703 0.5000863075256348 0.11985304951667786 0.09120313823223114
0 0.3974737524986267 0.23418386280536652 0.04306761547923088 0.060928571969270706
0 0.35123032331466675 0.5451652407646179 0.1228649765253067 0.09580575674772263
0 0.37673965096473694 0.4890725016593933 0.0965845137834549 0.10913235694169998
0 0.3804168105125427 0.45931050181388855 0.10497500002384186 0.1688786894083023
0 0.18490822613239288 0.29411450028419495 0.04545097425580025 0.05510779470205307
0 0.41634073853492737 0.32089024782180786 0.08543796837329865 0.09635679423809052
0 0.23504653573036194 0.27616769075393677 0.05468447878956795 0.11961101740598679
