0 0.021764036267995834 0.4183094799518585 0.04334981366991997 0.14117875695228577
0 0.7409343719482422 0.928832471370697 0.2258739471435547 0.13392141461372375
0 0.05600085109472275 0.3926507830619812 0.07336683571338654 0.12102451920509338
0 0.6235477328300476 0.4520070254802704 0.13180236518383026 0.15584465861320496
0 0.1206662654876709 0.3435856103897095 0.06306257098913193 0.1033254861831665
0 0.5863673090934753 0.4156915545463562 0.09605884552001953 0.13348744809627533
0 0.07552275061607361 0.3608357310295105 0.0742158442735672 0.11315745860338211
0 0.1954350471496582 0.3148833215236664 0.050898805260658264 0.08563325554132462
0 0.32545599341392517 0.7659292817115784 0.23043592274188995 0.4318560063838959
0 0.24248507618904114 0.9714192748069763 0.16725417971611023 0.04631822556257248
0 0.345096617937088 0.5232811570167542 0.11346645653247833 0.08165045827627182
0 0.5777868032455444 0.3133399188518524 0.09062134474515915 0.15474073588848114
0 0.014791520312428474 0.30929821729660034 0.029343076050281525 0.06904596090316772
0 0.2222004532814026 0.3072425127029419 0.03647446632385254 0.07666882872581482
0 0.6292148232460022 0.6658107042312622 0.17436765134334564 0.33720290660858154
0 0.3774529695510864 0.46757644414901733 0.11293487250804901 0.11090816557407379
0 0.6286853551864624 0.665927529335022 0.17474696040153503 0.33591410517692566
0 0.3820955157279968 0.4008781313896179 0.11554352194070816 0.09842410683631897
0 0.3866971731185913 0.38576507568359375 0.12562695145606995 0.09379735589027405
0 0.14531202614307404 0.31468769907951355 0.06616025418043137 0.11634662747383118
0 0.07977093011140823 0.283835232257843 0.044031403958797455 0.029433270916342735
0 0.3573679029941559 0.4869169592857361 0.09855016320943832 0.08668382465839386
0 0.4761519432067871 0.3215809166431427 0.03000183030962944 0.06842990219593048
