0 0.05807192996144295 0.38110053539276123 0.07391894608736038 0.11701422929763794
0 0.3712915778160095 0.5878768563270569 0.11546484380960464 0.19372643530368805
0 0.2963004410266876 0.763020932674408 0.1788344383239746 0.27830272912979126
0 0.22687168419361115 0.8789695501327515 0.253708153963089 0.23392146825790405
0 0.32051706314086914 0.6529601216316223 0.13683250546455383 0.19259558618068695
0 0.6229457855224609 0.5889251232147217 0.1588192582130432 0.2624000012874603
0 0.09736856818199158 0.3486296534538269 0.06606011837720871 0.11258073151111603
0 0.6384018063545227 0.41666632890701294 0.07766462862491608 0.09087269753217697
0 0.13504953682422638 0.3389303386211395 0.04317474365234375 0.09899795055389404
0 0.14864102005958557 0.3231891095638275 0.07003917545080185 0.09291229397058487
0 0.68149733543396 0.8686602711677551 0.23139367997646332 0.24519172310829163
0 0.19467855989933014 0.31665951013565063 0.053816843777894974 0.08766123652458191
0 0.5928972363471985 0.3314722180366516 0.10063209384679794 0.14841961860656738
0 0.023711884394288063 0.41565024852752686 0.047423768788576126 0.11116485297679901
0 0.010523883625864983 0.443623423576355 0.02100628986954689 0.130320742726326
0 0.5971859097480774 0.43218672275543213 0.09520237892866135 0.0538720041513443
0 0.35652855038642883 0.4780890643596649 0.13094981014728546 0.1585620790719986
0 0.020745376124978065 0.29978305101394653 0.041452862322330475 0.056048329919576645
0 0.3930654525756836 0.42490556836128235 0.09260310977697372 0.10952793061733246
0 0.6095114350318909 0.36698558926582336 0.0712154358625412 0.08194354176521301
0 0.6405439376831055 0.7221487760543823 0.14866027235984802 0.17467159032821655
0 0.06364323943853378 0.2934078574180603 0.04428842291235924 0.051007870584726334
0 0.02304505929350853 0.40264949202537537 0.044295065104961395 0.1541639268398285
0 0.017007846385240555 0.44040435552597046 0.03401569277048111 0.12682127952575684
0 0.4038243591785431 0.37171298265457153 0.10461129993200302 0.16286036372184753
0 0.2361491471529007 0.3089446425437927 0.03759627416729927 0.07335145771503448
0 0.47163671255111694 0.3191201090812683 0.04009275510907173 0.08196953684091568
0 0.26472729444503784 0.30275988578796387 0.028087202459573746 0.03270122408866882
0 0.35380029678344727 0.4916297197341919 0.11900558322668076 0.1172829270362854
0 0.5372867584228516 0.36633697152137756 0.024907143786549568 0.08095304667949677
