0 0.05848383903503418 0.3730946183204651 0.0800241008400917 0.1263221800327301
0 0.03002968803048134 0.39510267972946167 0.05997309461236 0.1291821002960205
0 0.6545617580413818 0.8600669503211975 0.2003173828125 0.2623237371444702
0 0.32522115111351013 0.7439263463020325 0.16228027641773224 0.2344801127910614
0 0.6800083518028259 0.6665346026420593 0.13600043952465057 0.1352250874042511
0 0.28010472655296326 0.8849645256996155 0.1952686905860901 0.21589496731758118
0 0.18880340456962585 0.31340235471725464 0.05038544163107872 0.08512446284294128
0 0.10708373039960861 0.34499189257621765 0.06614271551370621 0.11441788822412491
0 0.6434551477432251 0.5987651944160461 0.14349213242530823 0.2246393859386444
0 0.14953641593456268 0.3271459639072418 0.05480740964412689 0.08902014046907425
0 0.36175283789634705 0.5607883930206299 0.15332679450511932 0.2768270671367645
0 0.45829492807388306 0.3591584861278534 0.04640159755945206 0.10346182435750961
0 0.22615817189216614 0.3056839406490326 0.04582180827856064 0.08307316899299622
0 0.6185536980628967 0.5137928128242493 0.1436094343662262 0.28679734468460083
0 0.03917095437645912 0.2979791462421417 0.05516614019870758 0.05180805176496506
0 0.596280038356781 0.36269882321357727 0.092656709253788 0.12480754405260086
0 0.6812508702278137 0.7081794142723083 0.14365024864673615 0.22404220700263977
0 0.3815900683403015 0.45835208892822266 0.12471593171358109 0.16000571846961975
0 0.2639440894126892 0.2966095209121704 0.042340945452451706 0.04254642128944397
0 0.40694016218185425 0.3594849109649658 0.09291044622659683 0.10996605455875397
0 0.5630869269371033 0.31513068079948425 0.07762371748685837 0.09815400093793869
0 0.6189905405044556 0.4913947880268097 0.14239972829818726 0.2459224909543991
0 0.6191157102584839 0.47094041109085083 0.14074154198169708 0.20642852783203125
0 0.6142452359199524 0.36074939370155334 0.09203770756721497 0.05174340307712555
