0 0.3337180018424988 0.7084183096885681 0.15266066789627075 0.23465999960899353
0 0.2944311201572418 0.8817372918128967 0.18042106926441193 0.23247477412223816
0 0.6869189143180847 0.8568323254585266 0.1843729019165039 0.2659369707107544
0 0.6483093500137329 0.5935927629470825 0.11726798862218857 0.18903113901615143
0 0.3642192780971527 0.569127082824707 0.12378298491239548 0.20058028399944305
0 0.02310236170887947 0.4035913348197937 0.04607398808002472 0.12902390956878662
0 0.20981232821941376 0.9506829380989075 0.18537433445453644 0.09205633401870728
0 0.9660062193870544 0.8766254782676697 0.0669151321053505 0.24225644767284393
0 0.634541928768158 0.4904942214488983 0.10860195010900497 0.1586620807647705
0 0.22856974601745605 0.30175456404685974 0.04552412033081055 0.07729599624872208
0 0.18915541470050812 0.309082955121994 0.06440024077892303 0.08589613437652588
0 0.05831420421600342 0.3486771285533905 0.11441407352685928 0.16122505068778992
0 0.5811355710029602 0.37722158432006836 0.09555257111787796 0.18252462148666382
0 0.2770458161830902 0.3026391863822937 0.0434395931661129 0.043268896639347076
0 0.14447206258773804 0.31494542956352234 0.029380153864622116 0.06555353850126266
0 0.36047783493995667 0.4779668152332306 0.11211036145687103 0.11419352889060974
0 0.39611175656318665 0.3617483675479889 0.11778971552848816 0.18291623890399933
0 0.13725748658180237 0.3141844868659973 0.04582599177956581 0.07099173963069916
