0 0.6793652176856995 0.736524224281311 0.16335029900074005 0.23070243000984192
0 0.3310944139957428 0.7752875089645386 0.17447620630264282 0.2556169331073761
0 0.25074681639671326 0.8928598761558533 0.20430810749530792 0.2009107768535614
0 0.02793877199292183 0.4031662046909332 0.05567483976483345 0.1306784749031067
0 0.6996141672134399 0.9333752989768982 0.2022964507341385 0.11585252732038498
0 0.550918459892273 0.3783503770828247 0.04078976437449455 0.1176556870341301
0 0.13311666250228882 0.33740124106407166 0.07187638431787491 0.10094349831342697
0 0.0603385828435421 0.35306140780448914 0.08398110419511795 0.1599624902009964
0 0.6077470183372498 0.41943874955177307 0.107996366918087 0.20083697140216827
0 0.6357582211494446 0.5344753861427307 0.14280344545841217 0.24395161867141724
0 0.5793048739433289 0.2717742323875427 0.07880274206399918 0.08920131623744965
0 0.38015609979629517 0.5935554504394531 0.182094007730484 0.39955514669418335
0 0.1650703102350235 0.3135402500629425 0.06111941486597061 0.084528349339962
0 0.38374727964401245 0.35583698749542236 0.09142684936523438 0.08350083976984024
0 0.40244659781455994 0.41500937938690186 0.11107845604419708 0.10251888632774353
0 0.2681388258934021 0.3064247965812683 0.03626871109008789 0.03551522642374039
0 0.26839932799339294 0.3111165463924408 0.0410120002925396 0.04159260541200638
0 0.3802594542503357 0.596592366695404 0.1819767951965332 0.3993048667907715
0 0.5780883431434631 0.2726772725582123 0.07919959723949432 0.09060116857290268
