0 0.29706281423568726 0.7947016358375549 0.15221109986305237 0.20337693393230438
0 0.03247687220573425 0.39649471640586853 0.0649537444114685 0.12908324599266052
0 0.6258598566055298 0.5092522501945496 0.10662434995174408 0.17038796842098236
0 0.795136570930481 0.4671103060245514 0.1098860427737236 0.16530261933803558
0 0.0902395024895668 0.3505535423755646 0.07762136310338974 0.11997968703508377
0 0.35565516352653503 0.638845682144165 0.1478590965270996 0.244842529296875
0 0.04913904890418053 0.37661635875701904 0.07253523916006088 0.11694180220365524
0 0.7093299031257629 0.7814432978630066 0.2435487061738968 0.41823118925094604
0 0.3901211619377136 0.4415929615497589 0.09493789821863174 0.10775451362133026
0 0.40401962399482727 0.37904855608940125 0.08250579982995987 0.11886130273342133
0 0.6634461879730225 0.5702078342437744 0.1189013198018074 0.13320854306221008
0 0.6060653924942017 0.3985251486301422 0.07818018645048141 0.11106584221124649
0 0.17622992396354675 0.3082502782344818 0.06665058434009552 0.11082102358341217
0 0.23381909728050232 0.30672916769981384 0.0519956573843956 0.06642710417509079
0 0.3641158938407898 0.5166981816291809 0.11677224189043045 0.08650071918964386
0 0.5888034105300903 0.36547115445137024 0.07100067287683487 0.10787079483270645
0 0.4330611228942871 0.28121069073677063 0.07867240905761719 0.14147049188613892
0 0.660311758518219 0.5923768877983093 0.12166894227266312 0.18578965961933136
0 0.4038669466972351 0.3992151916027069 0.08653796464204788 0.12439054995775223
0 0.38948237895965576 0.4726336896419525 0.09757604449987411 0.15636087954044342
0 0.564879834651947 0.31372207403182983 0.08217703551054001 0.1446058452129364
0 0.1762799769639969 0.30642345547676086 0.06604623794555664 0.11121371388435364
0 0.33234795928001404 0.28962334990501404 0.02268543280661106 0.029031598940491676
0 0.40449950098991394 0.36145198345184326 0.0802273079752922 0.0912940725684166
0 0.5653066635131836 0.3166743516921997 0.08040329813957214 0.13412873446941376
0 0.13788466155529022 0.3025984764099121 0.026256084442138672 0.05591362714767456
0 0.3614060580730438 0.49769943952560425 0.11061563342809677 0.10067307949066162
0 0.13757015764713287 0.292860746383667 0.02437109872698784 0.037565868347883224
0 0.43319886922836304 0.2793324887752533 0.0797446221113205 0.14160417020320892
