0 0.7166121006011963 0.8940560221672058 0.19859600067138672 0.19995558261871338
0 0.37318503856658936 0.660942792892456 0.13685961067676544 0.2258295714855194
0 0.06639838963747025 0.3246808350086212 0.09811346977949142 0.2156357765197754
0 0.12791991233825684 0.3384726643562317 0.04066215455532074 0.11152727901935577
0 0.6501124501228333 0.5024582743644714 0.1040775328874588 0.1538786143064499
0 0.29223397374153137 0.8210675120353699 0.1901436746120453 0.3234863877296448
0 0.3770231306552887 0.432675838470459 0.10100071877241135 0.131537064909935
0 0.2416396141052246 0.9247609376907349 0.23970235884189606 0.14157986640930176
0 0.16630129516124725 0.31873470544815063 0.04971466213464737 0.08659537881612778
0 0.5858393311500549 0.3727465569972992 0.08063805848360062 0.12968899309635162
0 0.43420588970184326 0.43234944343566895 0.07448618859052658 0.1460118591785431
0 0.38083121180534363 0.563171923160553 0.1298600137233734 0.19196076691150665
0 0.6137149333953857 0.4443899095058441 0.10048027336597443 0.1452477127313614
0 0.20223544538021088 0.312579870223999 0.04742499813437462 0.08476895838975906
0 0.6703363060951233 0.7430998086929321 0.2242537885904312 0.32519498467445374
0 0.47688475251197815 0.31207147240638733 0.024471092969179153 0.06575187295675278
0 0.6165416836738586 0.6266865134239197 0.1598655730485916 0.25167354941368103
0 0.6105670928955078 0.6552091240882874 0.14755375683307648 0.18004608154296875
0 0.6145985126495361 0.5301408171653748 0.11271552741527557 0.0861833393573761
0 0.41618481278419495 0.43200361728668213 0.11111577600240707 0.14922553300857544
0 0.2692820727825165 0.3080098330974579 0.035873014479875565 0.032724279910326004
0 0.3823520243167877 0.5390610098838806 0.12319622188806534 0.13853098452091217
0 0.5634837746620178 0.33455681800842285 0.05676613003015518 0.0950218215584755
