0 0.2699931561946869 0.9083833694458008 0.23296746611595154 0.16893525421619415
0 0.08954153209924698 0.35876938700675964 0.06985726952552795 0.11190174520015717
0 0.711041271686554 0.8774428367614746 0.19274406135082245 0.22662658989429474
0 0.04322436824440956 0.38032934069633484 0.08236007392406464 0.12095913290977478
0 0.03347004950046539 0.4223388731479645 0.06694009900093079 0.13212667405605316
0 0.6317197680473328 0.6160506010055542 0.16477228701114655 0.3040638864040375
0 0.621081531047821 0.4198788106441498 0.12310841679573059 0.1290927529335022
0 0.12060893326997757 0.3266712427139282 0.07275105267763138 0.132852703332901
0 0.5844983458518982 0.38898587226867676 0.09230601042509079 0.12041422724723816
0 0.3577534556388855 0.7189158201217651 0.2150457352399826 0.4711509346961975
0 0.3579176664352417 0.4571334719657898 0.0997246727347374 0.08048081398010254
0 0.17939497530460358 0.3178543150424957 0.05797915533185005 0.08936818689107895
0 0.3865768313407898 0.44519710540771484 0.10264281928539276 0.10706716775894165
0 0.5807769894599915 0.285531222820282 0.0794139876961708 0.10011842846870422
0 0.054616618901491165 0.29434865713119507 0.050469573587179184 0.052197832614183426
0 0.5742040276527405 0.4025963544845581 0.073339082300663 0.12409719079732895
0 0.120645672082901 0.324893593788147 0.07073766738176346 0.12692415714263916
0 0.26799842715263367 0.2903370261192322 0.028666717931628227 0.06048160046339035
