0 0.3493979871273041 0.7499899864196777 0.17986330389976501 0.24998971819877625
0 0.5988864898681641 0.5917203426361084 0.12484779208898544 0.19504117965698242
0 0.03048083186149597 0.392819881439209 0.06096166372299194 0.12083113193511963
0 0.6601731777191162 0.7559131383895874 0.16053447127342224 0.2377198338508606
0 0.36815324425697327 0.5538588762283325 0.11345596611499786 0.18710601329803467
0 0.7028176784515381 0.8889930248260498 0.20552977919578552 0.20960456132888794
0 0.4023585021495819 0.4985920190811157 0.09652026742696762 0.17325614392757416
0 0.6406856775283813 0.5121977925300598 0.09989675134420395 0.16241228580474854
0 0.6141296625137329 0.42721617221832275 0.09368693083524704 0.12050526589155197
0 0.3039481043815613 0.9668618440628052 0.16220322251319885 0.056763824075460434
0 0.6171063184738159 0.32067570090293884 0.08868014067411423 0.19851098954677582
0 0.07529185712337494 0.35914379358291626 0.07522059231996536 0.13047894835472107
0 0.14234790205955505 0.3325064182281494 0.0744418278336525 0.11032520234584808
0 0.3862646222114563 0.4059998393058777 0.09812984615564346 0.11406012624502182
0 0.23671627044677734 0.30431172251701355 0.036698438227176666 0.06584512442350388
0 0.6745887994766235 0.31604447960853577 0.040968578308820724 0.0863707959651947
0 0.18021874129772186 0.3030877709388733 0.08249985426664352 0.13208363950252533
0 0.3537099063396454 0.30005311965942383 0.043135866522789 0.05179033800959587
0 0.1863483041524887 0.322528213262558 0.032364971935749054 0.07978600263595581
0 0.4257999360561371 0.33822181820869446 0.08411289751529694 0.12892620265483856
0 0.26994821429252625 0.3036280870437622 0.03125490993261337 0.031081389635801315
0 0.6606820821762085 0.5436483025550842 0.05854810029268265 0.10685323178768158
0 0.3049507141113281 0.28055140376091003 0.053857993334531784 0.05612945556640625
