0 0.2864918112754822 0.8765387535095215 0.16418741643428802 0.21970486640930176
0 0.6233272552490234 0.5414912104606628 0.10543085634708405 0.17632445693016052
0 0.34221166372299194 0.6863694787025452 0.16120882332324982 0.257785439491272
0 0.8161144256591797 0.5041577219963074 0.11841849982738495 0.16790245473384857
0 0.05059002712368965 0.3753805160522461 0.08527901023626328 0.13039830327033997
0 0.6125063300132751 0.418778657913208 0.08249817043542862 0.12400023639202118
0 0.6762733459472656 0.635696530342102 0.1508731245994568 0.21074336767196655
0 0.3602049648761749 0.5688616037368774 0.12413330376148224 0.11172926425933838
0 0.7275946140289307 0.8262627124786377 0.2831396162509918 0.3315001428127289
0 0.1954372376203537 0.3036265969276428 0.06409924477338791 0.10649826377630234
0 0.38651105761528015 0.4956176280975342 0.10096683353185654 0.16599909961223602
0 0.4300437867641449 0.32305824756622314 0.0849904716014862 0.2150215357542038
0 0.3975900709629059 0.3893222510814667 0.08851204067468643 0.12566782534122467
0 0.07854706794023514 0.3565406799316406 0.06804792582988739 0.10961535573005676
0 0.10967329144477844 0.3366472125053406 0.0850215032696724 0.12038237601518631
0 0.35463887453079224 0.554607629776001 0.12430750578641891 0.08660899847745895
0 0.03427999094128609 0.33777540922164917 0.06791960448026657 0.12687090039253235
0 0.594892144203186 0.3774765729904175 0.07685902714729309 0.11361948400735855
0 0.15460991859436035 0.3085927367210388 0.0267848651856184 0.055101972073316574
0 0.43052008748054504 0.32341545820236206 0.0843973159790039 0.21504312753677368
0 0.31594768166542053 0.28435826301574707 0.023989295586943626 0.037488386034965515
0 0.5657777190208435 0.326127290725708 0.07961969077587128 0.14315591752529144
0 0.3966502547264099 0.4133472442626953 0.09017153084278107 0.10396626591682434
0 0.24668413400650024 0.3056526482105255 0.04841103404760361 0.047019705176353455
0 0.35884276032447815 0.5948775410652161 0.13357003033161163 0.1695890575647354
0 0.5641126036643982 0.3168860673904419 0.07795283198356628 0.15517055988311768
0 0.035332538187503815 0.31171056628227234 0.06884358823299408 0.07249069213867188
