0 0.6405531167984009 0.6873682141304016 0.14512939751148224 0.24797719717025757
0 0.7135292291641235 0.8560041785240173 0.16930510103702545 0.25836995244026184
0 0.2660599648952484 0.8927072882652283 0.22067104279994965 0.19842325150966644
0 0.69765305519104 0.9560577273368835 0.1845790296792984 0.07773911952972412
0 0.07353472709655762 0.35843828320503235 0.07651067525148392 0.10991600900888443
0 0.18748444318771362 0.3134342133998871 0.04923988878726959 0.08938513696193695
0 0.14986304938793182 0.3226555287837982 0.054662760347127914 0.09907226264476776
0 0.020862048491835594 0.398689866065979 0.04172409698367119 0.12530754506587982
0 0.4479890763759613 0.3763858377933502 0.06053924560546875 0.11869046092033386
0 0.39678579568862915 0.5029122233390808 0.09702368080615997 0.17634806036949158
0 0.22493553161621094 0.3075772225856781 0.04381141811609268 0.07574047148227692
0 0.3324004113674164 0.6722208857536316 0.18418456614017487 0.3151703476905823
0 0.6130709052085876 0.3939445912837982 0.08651803433895111 0.06977666169404984
0 0.3986395597457886 0.379653662443161 0.08921505510807037 0.1327352672815323
0 0.4315603971481323 0.3703041970729828 0.09258270263671875 0.13149820268154144
0 0.1050223857164383 0.33750635385513306 0.07076254487037659 0.11536497622728348
0 0.2620220184326172 0.30174973607063293 0.04204731062054634 0.04193827137351036
0 0.3626095950603485 0.5215325355529785 0.12364056706428528 0.1554696261882782
0 0.6205416321754456 0.5601184368133545 0.17242349684238434 0.268563836812973
0 0.2585211396217346 0.29962238669395447 0.041935477405786514 0.05445731803774834
0 0.5962952971458435 0.3741607666015625 0.08608786016702652 0.11449124664068222
0 0.39745721220970154 0.41512688994407654 0.09159431606531143 0.09833192825317383
