0 0.11211761087179184 0.34956008195877075 0.07531528919935226 0.11016371101140976
0 0.6185054779052734 0.6144476532936096 0.14104093611240387 0.20306679606437683
0 0.30406302213668823 0.8443642258644104 0.178776353597641 0.2651892900466919
0 0.6731809973716736 0.8173500299453735 0.21917037665843964 0.34257039427757263
0 0.037434469908475876 0.3838485777378082 0.07486893981695175 0.12371554970741272
0 0.3722664415836334 0.5338314771652222 0.11116532981395721 0.16303130984306335
0 0.21706129610538483 0.926995038986206 0.21204426884651184 0.1307719498872757
0 0.29317253828048706 0.700156569480896 0.1583121418952942 0.2233162820339203
0 0.1406680941581726 0.32445159554481506 0.06799650937318802 0.10794516652822495
0 0.38839346170425415 0.42951229214668274 0.11769513785839081 0.20665012300014496
0 0.34668293595314026 0.5725250244140625 0.11758092045783997 0.11435993015766144
0 0.010739747434854507 0.42838746309280396 0.021422147750854492 0.1601664274930954
0 0.6582835912704468 0.5322318077087402 0.10433616489171982 0.17008449137210846
0 0.2199239730834961 0.3113487958908081 0.03580532222986221 0.0739801749587059
0 0.18690967559814453 0.3107697069644928 0.04930718615651131 0.0871836319565773
0 0.43436914682388306 0.3269304633140564 0.09974899142980576 0.10540282726287842
0 0.6088495850563049 0.4025956094264984 0.11453984677791595 0.20979970693588257
0 0.6381765604019165 0.4552004337310791 0.10002123564481735 0.11983300745487213
0 0.25110530853271484 0.2958507835865021 0.03376045078039169 0.043118059635162354
0 0.3781341016292572 0.6981032490730286 0.08235257118940353 0.22184854745864868
0 0.6578273773193359 0.509293258190155 0.10150031745433807 0.11996527761220932
0 0.00863194651901722 0.4463159739971161 0.01725143939256668 0.12920738756656647
0 0.5465429425239563 0.4114730954170227 0.03283386304974556 0.09562841057777405
0 0.340899795293808 0.6975357532501221 0.1568284034729004 0.2217169851064682
0 0.08579541742801666 0.29721546173095703 0.053311802446842194 0.05568356066942215
