0 0.3390926122665405 0.7326880693435669 0.1548442244529724 0.24214103817939758
0 0.05281835421919823 0.3751893937587738 0.08619475364685059 0.11768443137407303
0 0.2819730043411255 0.8741663694381714 0.1901073306798935 0.23683370649814606
0 0.6686666011810303 0.9271824359893799 0.2020362913608551 0.13476760685443878
0 0.618730366230011 0.5510891675949097 0.10710360109806061 0.17507511377334595
0 0.6669206023216248 0.7690826654434204 0.16139468550682068 0.24003884196281433
0 0.3759058117866516 0.6360158324241638 0.12763264775276184 0.2292708158493042
0 0.6422992944717407 0.39411216974258423 0.1280536651611328 0.2262052744626999
0 0.6682488918304443 0.5986453294754028 0.1408170759677887 0.1924167275428772
0 0.08377908170223236 0.3545546531677246 0.07105491310358047 0.1122979074716568
0 0.35636216402053833 0.5294411182403564 0.11506487429141998 0.15769995748996735
0 0.12878958880901337 0.32686689496040344 0.0742417499423027 0.09029391407966614
0 0.1756698489189148 0.3194226920604706 0.05910768359899521 0.09094806015491486
0 0.3960551619529724 0.4014684855937958 0.0961218848824501 0.12006767839193344
0 0.5689083337783813 0.3609740138053894 0.05104846879839897 0.10875693708658218
0 0.4573436677455902 0.25130823254585266 0.06276760250329971 0.0963999554514885
0 0.38720881938934326 0.47177332639694214 0.07999773323535919 0.10545383393764496
0 0.44299060106277466 0.3225843012332916 0.06712283939123154 0.10793691873550415
0 0.413438618183136 0.3455348610877991 0.06831493228673935 0.08027168363332748
0 0.5500312447547913 0.3075380325317383 0.061973221600055695 0.09816934168338776
