0 0.290010929107666 0.8470965623855591 0.1751548796892166 0.2827533185482025
0 0.6712784171104431 0.8581333756446838 0.18409080803394318 0.26011577248573303
0 0.34089839458465576 0.6290963888168335 0.12552668154239655 0.16522963345050812
0 0.6065167188644409 0.4403960108757019 0.08207664638757706 0.1440565288066864
0 0.3857899606227875 0.5302404165267944 0.1254837065935135 0.21517758071422577
0 0.762755811214447 0.9497674107551575 0.19178028404712677 0.08898654580116272
0 0.024131637066602707 0.4192388951778412 0.04812430217862129 0.15811125934123993
0 0.1925830841064453 0.3124803602695465 0.06418964266777039 0.08603713661432266
0 0.7479662299156189 0.39780834317207336 0.08655312657356262 0.12856648862361908
0 0.5967859625816345 0.6037182211875916 0.033447265625 0.20950305461883545
0 0.10436813533306122 0.33658501505851746 0.09257928282022476 0.13672637939453125
0 0.39593857526779175 0.400728702545166 0.09228821098804474 0.08999260514974594
0 0.5820543169975281 0.3628893196582794 0.06864560395479202 0.13000920414924622
0 0.67835932970047 0.6020969748497009 0.18308773636817932 0.40085339546203613
0 0.23256616294384003 0.3093232810497284 0.0340692512691021 0.06930392235517502
0 0.10369701683521271 0.3367276191711426 0.09333718568086624 0.13701137900352478
0 0.24117445945739746 0.3036292791366577 0.0467340461909771 0.055007848888635635
0 0.4143508970737457 0.35916247963905334 0.07794510573148727 0.10176420211791992
0 0.39057597517967224 0.42217668890953064 0.10588442534208298 0.08011592924594879
0 0.567367672920227 0.30713585019111633 0.07271365821361542 0.11803843080997467
0 0.2702518403530121 0.2929536700248718 0.03498660773038864 0.04332122951745987
0 0.44583502411842346 0.25867176055908203 0.07443217933177948 0.10825004428625107
0 0.5021742582321167 0.3238184452056885 0.02920513227581978 0.05329946056008339
0 0.4274887144565582 0.35184621810913086 0.09507503360509872 0.10537770390510559
0 0.6781381368637085 0.5972393751144409 0.17850837111473083 0.39304572343826294
0 0.27623018622398376 0.29656022787094116 0.025989437475800514 0.034193675965070724
0 0.43909746408462524 0.3460465669631958 0.06907777488231659 0.10352689772844315
