0 0.30795150995254517 0.7603340148925781 0.16596929728984833 0.2512834370136261
0 0.07454188913106918 0.3704252541065216 0.08570203930139542 0.12144216150045395
0 0.6801123023033142 0.8211982846260071 0.16467304527759552 0.26383525133132935
0 0.668775737285614 0.6245720386505127 0.14149513840675354 0.19331564009189606
0 0.3596900999546051 0.6509178876876831 0.1358039826154709 0.22099971771240234
0 0.2595425546169281 0.9580079317092896 0.17188292741775513 0.07750848680734634
0 0.01867174729704857 0.40641433000564575 0.03734349459409714 0.1771308034658432
0 0.12219563871622086 0.3320603668689728 0.07260995358228683 0.09785576909780502
0 0.5752937197685242 0.26349300146102905 0.07557372748851776 0.07787112146615982
0 0.6261667609214783 0.46620482206344604 0.12148380279541016 0.21591231226921082
0 0.3836975693702698 0.5156610608100891 0.15254059433937073 0.3506229817867279
0 0.5944622159004211 0.3790460526943207 0.09200878441333771 0.18092800676822662
0 0.24710991978645325 0.3072832524776459 0.042516279965639114 0.06180422753095627
0 0.5429717898368835 0.35764798521995544 0.0406450591981411 0.10229992121458054
0 0.03012198768556118 0.3134334981441498 0.05751925706863403 0.09026455134153366
0 0.6249381899833679 0.46623992919921875 0.1195552796125412 0.21412251889705658
0 0.4300622045993805 0.40106043219566345 0.057273101061582565 0.12375140935182571
0 0.34130188822746277 0.30191802978515625 0.05919952318072319 0.06214918941259384
0 0.028630895540118217 0.2947424650192261 0.0570625402033329 0.04900834709405899
0 0.3832458555698395 0.5131278038024902 0.1492253988981247 0.35156235098838806
0 0.2585483193397522 0.3018288016319275 0.06523160636425018 0.049192387610673904
0 0.24619102478027344 0.2985145151615143 0.04117496684193611 0.04312743991613388
0 0.6248982548713684 0.4658152759075165 0.12036819756031036 0.2141420990228653
0 0.16592124104499817 0.29708319902420044 0.0805625468492508 0.1313786804676056
