0 0.6912285089492798 0.8101927042007446 0.17814204096794128 0.2518189549446106
0 0.025550907477736473 0.40572860836982727 0.051101814955472946 0.13228513300418854
0 0.31134599447250366 0.8583579063415527 0.19146928191184998 0.27094894647598267
0 0.2242044061422348 0.9510480165481567 0.18840669095516205 0.09124653786420822
0 0.053104616701602936 0.3763176202774048 0.07785439491271973 0.12332014739513397
0 0.579376220703125 0.27828431129455566 0.0818798691034317 0.10079450160264969
0 0.3701290786266327 0.6446109414100647 0.19761046767234802 0.43943801522254944
0 0.03242077678442001 0.30236685276031494 0.05245628207921982 0.057567596435546875
0 0.15850083529949188 0.328241229057312 0.06103736534714699 0.08984561264514923
0 0.6330126523971558 0.5672644972801208 0.1503763198852539 0.2700042724609375
0 0.09435915946960449 0.3381243646144867 0.07564634829759598 0.13836906850337982
0 0.6152321696281433 0.39977237582206726 0.11186675727367401 0.12882359325885773
0 0.5779847502708435 0.2762785255908966 0.08080120384693146 0.09679409861564636
0 0.5828137993812561 0.3871397376060486 0.09227428585290909 0.12211337685585022
0 0.6151002049446106 0.4311908781528473 0.10921382904052734 0.19220103323459625
0 0.6328372955322266 0.5671992301940918 0.15039774775505066 0.2695610523223877
0 0.014775383286178112 0.4609776735305786 0.029338562861084938 0.14230380952358246
0 0.38810789585113525 0.41231802105903625 0.09317214041948318 0.06727710366249084
0 0.5560638308525085 0.38882768154144287 0.042486317455768585 0.12029469758272171
0 0.27541226148605347 0.31049486994743347 0.034950558096170425 0.031415387988090515
0 0.3792656660079956 0.37852123379707336 0.09061441570520401 0.10404188185930252
0 0.18577367067337036 0.3087688982486725 0.04301703721284866 0.07774915546178818
0 0.4131471514701843 0.3549378216266632 0.0910082533955574 0.09684906154870987
0 0.3939170241355896 0.36292505264282227 0.1079985648393631 0.08678470551967621
0 0.5692691206932068 0.3893294036388397 0.06639569252729416 0.12064030766487122
