0 0.02873421460390091 0.4058188498020172 0.05746842920780182 0.13787177205085754
0 0.2793479263782501 0.8941354155540466 0.20177380740642548 0.19373281300067902
0 0.6201450228691101 0.6604511141777039 0.15094706416130066 0.2141983062028885
0 0.06770557910203934 0.36395564675331116 0.07032173126935959 0.11631686985492706
0 0.6960670351982117 0.8595916628837585 0.2438148558139801 0.26185235381126404
0 0.13497206568717957 0.3357639014720917 0.06768912822008133 0.10194962471723557
0 0.274027019739151 0.7736658453941345 0.18625743687152863 0.23344625532627106
0 0.36582157015800476 0.5700498223304749 0.1229167953133583 0.1750318706035614
0 0.6597322225570679 0.5697717666625977 0.10969772189855576 0.1789143830537796
0 0.16292135417461395 0.3156379163265228 0.0629277229309082 0.10680841654539108
0 0.3436940014362335 0.6377928256988525 0.1320282369852066 0.15601739287376404
0 0.3437913656234741 0.7646058797836304 0.13455715775489807 0.2453952431678772
0 0.6122466921806335 0.404385507106781 0.11797472834587097 0.19522179663181305
0 0.3821779191493988 0.4150339663028717 0.12413228303194046 0.16278889775276184
0 0.5489740967750549 0.40548786520957947 0.04051151126623154 0.13645537197589874
0 0.2106153815984726 0.3136865198612213 0.05195886269211769 0.08779610693454742
0 0.2623456120491028 0.2989499568939209 0.031524959951639175 0.040801409631967545
0 0.2184790074825287 0.30895131826400757 0.07043800503015518 0.08320026844739914
0 0.43084874749183655 0.32780203223228455 0.10099948197603226 0.11498277634382248
0 0.42259681224823 0.5251179933547974 0.034186460077762604 0.1111319363117218
0 0.10639011859893799 0.3011416494846344 0.0467156246304512 0.07219136506319046
0 0.638347864151001 0.48293209075927734 0.102507084608078 0.1478366106748581
0 0.5468921661376953 0.25701943039894104 0.050911713391542435 0.06454910337924957
0 0.23623910546302795 0.307851105928421 0.034924983978271484 0.07084963470697403
