0 0.3261032700538635 0.8628159165382385 0.18852028250694275 0.25877487659454346
0 0.04024128243327141 0.3963010013103485 0.08048256486654282 0.12838846445083618
0 0.06966478377580643 0.3718595802783966 0.07457926124334335 0.11413741111755371
0 0.14856718480587006 0.28832492232322693 0.08565787971019745 0.17489920556545258
0 0.3352608382701874 0.6985646486282349 0.15521498024463654 0.19726020097732544
0 0.41564351320266724 0.49627113342285156 0.0895618125796318 0.16757066547870636
0 0.6416733860969543 0.6825352907180786 0.13665345311164856 0.17361055314540863
0 0.3547496795654297 0.53514564037323 0.12118098139762878 0.21187783777713776
0 0.6432649493217468 0.8289288282394409 0.17136523127555847 0.20950248837471008
0 0.5946207642555237 0.4066101014614105 0.08756504207849503 0.11958347260951996
0 0.715823233127594 0.9043877720832825 0.27611076831817627 0.18100179731845856
0 0.6570018529891968 0.5971951484680176 0.1263158768415451 0.1766815185546875
0 0.5708803534507751 0.35297247767448425 0.07259903103113174 0.10823587328195572
0 0.6377493143081665 0.5328401923179626 0.119989775121212 0.20431041717529297
0 0.2238200157880783 0.31017494201660156 0.06899623572826385 0.07746124267578125
0 0.3811517357826233 0.40119415521621704 0.08740253746509552 0.06704957783222198
0 0.4028318524360657 0.36383742094039917 0.0776834487915039 0.0905439555644989
0 0.21339353919029236 0.30960613489151 0.05177602916955948 0.07733111828565598
0 0.4042629301548004 0.3782280385494232 0.08195174485445023 0.07790332287549973
0 0.6181398034095764 0.3727847635746002 0.06680304557085037 0.10419158637523651
0 0.2470143735408783 0.2998313009738922 0.038956545293331146 0.04188622534275055
0 0.5495935082435608 0.26054519414901733 0.06592639535665512 0.16362150013446808
