0 0.03249545022845268 0.40408194065093994 0.06499090045690536 0.12395688891410828
0 0.06749317795038223 0.369833379983902 0.07117028534412384 0.1211717426776886
0 0.25742143392562866 0.8439056873321533 0.26571646332740784 0.291684627532959
0 0.10783913731575012 0.35224947333335876 0.052181076258420944 0.10578884184360504
0 0.37945955991744995 0.550741970539093 0.10466791689395905 0.18137817084789276
0 0.6223897933959961 0.5473417639732361 0.14874865114688873 0.24888794124126434
0 0.17551304399967194 0.319975346326828 0.05706296116113663 0.08942528814077377
0 0.6574758291244507 0.7942276000976562 0.20874875783920288 0.39835962653160095
0 0.31277528405189514 0.7001249194145203 0.17450138926506042 0.25556081533432007
0 0.3409399092197418 0.5815892815589905 0.12828369438648224 0.14079833030700684
0 0.6254024505615234 0.5141858458518982 0.1474492996931076 0.17804430425167084
0 0.14190568029880524 0.3334273099899292 0.046068865805864334 0.09362080693244934
0 0.6249834895133972 0.39084428548812866 0.06971670687198639 0.07175809890031815
0 0.1332944929599762 0.33193156123161316 0.06540361046791077 0.10120660066604614
0 0.5886997580528259 0.45680466294288635 0.09559974819421768 0.14617428183555603
0 0.3611994981765747 0.4555111825466156 0.11887206882238388 0.11846344918012619
0 0.40754395723342896 0.3410169780254364 0.09787143021821976 0.12315956503152847
0 0.3116522431373596 0.6628392338752747 0.17371225357055664 0.1776381880044937
0 0.6042730212211609 0.350927472114563 0.06779874116182327 0.06877712905406952
0 0.588782012462616 0.3281841576099396 0.09335912019014359 0.1501183658838272
0 0.2509262263774872 0.3028780221939087 0.033072758466005325 0.0408766008913517
0 0.2229899764060974 0.31021633744239807 0.04208502918481827 0.07724408805370331
0 0.04210253804922104 0.3016383647918701 0.04896404594182968 0.06953480839729309
0 0.37169837951660156 0.4286758303642273 0.10721495747566223 0.10601874440908432
0 0.47598180174827576 0.3320552706718445 0.03084850311279297 0.05015493184328079
0 0.4738931655883789 0.31983354687690735 0.03472887724637985 0.06899702548980713
