0 0.30681097507476807 0.7276986837387085 0.16721399128437042 0.2723885476589203
0 0.7178412675857544 0.8484755754470825 0.17624855041503906 0.2757055163383484
0 0.6274241805076599 0.4922463893890381 0.10993385314941406 0.1491139680147171
0 0.6662197113037109 0.7020077109336853 0.17569325864315033 0.26945292949676514
0 0.3769063353538513 0.6482287645339966 0.1250382363796234 0.2180916666984558
0 0.6700334548950195 0.9310548305511475 0.19015464186668396 0.11953633278608322
0 0.21874573826789856 0.9400805830955505 0.20699092745780945 0.10851067304611206
0 0.030695175752043724 0.3943008482456207 0.05580251291394234 0.12716324627399445
0 0.5781336426734924 0.404670387506485 0.08035354316234589 0.12561996281147003
0 0.08072078227996826 0.34466978907585144 0.08765902370214462 0.1291770040988922
0 0.012653759680688381 0.41532817482948303 0.025218535214662552 0.18153005838394165
0 0.1546737402677536 0.324008971452713 0.07173366099596024 0.09828674793243408
0 0.2122962921857834 0.276033878326416 0.06198073923587799 0.1413441002368927
0 0.557395875453949 0.253462553024292 0.07456804811954498 0.1842784583568573
0 0.640984296798706 0.4240393042564392 0.08320121467113495 0.09569855034351349
0 0.3958395719528198 0.38036346435546875 0.09522714465856552 0.10077938437461853
0 0.4338189959526062 0.371095210313797 0.06719493865966797 0.11301368474960327
0 0.016693171113729477 0.30498743057250977 0.033363644033670425 0.06096137687563896
0 0.3779921233654022 0.43870723247528076 0.09456644207239151 0.09158003330230713
0 0.36005786061286926 0.5241586565971375 0.12642917037010193 0.10322536528110504
0 0.41561323404312134 0.29520347714424133 0.07193145900964737 0.06285739690065384
0 0.5733108520507812 0.3220696747303009 0.0767468735575676 0.1047881543636322
0 0.2724323868751526 0.30413928627967834 0.03274865075945854 0.029908979311585426
0 0.5935866832733154 0.33354809880256653 0.0817333236336708 0.054947491735219955
0 0.4281524121761322 0.35665079951286316 0.07659336924552917 0.0855545625090599
0 0.6030965447425842 0.3335278034210205 0.06228313595056534 0.04755780100822449
0 0.3830823302268982 0.24685057997703552 0.04407777637243271 0.09642580896615982
