0 0.6744108200073242 0.9044116735458374 0.21511001884937286 0.1845957487821579
0 0.2985081374645233 0.8300650119781494 0.18771544098854065 0.2529926002025604
0 0.2566598653793335 0.9372190833091736 0.19025163352489471 0.11015184223651886
0 0.04618656635284424 0.3783978521823883 0.08209500461816788 0.12584424018859863
0 0.1722400039434433 0.318757563829422 0.0552060604095459 0.09108909219503403
0 0.6940323114395142 0.7379436492919922 0.14786580204963684 0.15767890214920044
0 0.6379781365394592 0.6446431279182434 0.1401941329240799 0.23658853769302368
0 0.12644773721694946 0.33139732480049133 0.0663907527923584 0.10895159840583801
0 0.21115976572036743 0.30990085005760193 0.04663132131099701 0.0810832530260086
0 0.4535399377346039 0.365262508392334 0.05592842027544975 0.11532846838235855
0 0.245382159948349 0.2967891991138458 0.05029287189245224 0.06889770179986954
0 0.08351071923971176 0.35471874475479126 0.07429675757884979 0.1156647577881813
0 0.6957427859306335 0.776627779006958 0.1518581360578537 0.23734548687934875
0 0.34909316897392273 0.5860833525657654 0.16351433098316193 0.3411466181278229
0 0.6150673031806946 0.37810254096984863 0.08170286566019058 0.06341230869293213
0 0.39867469668388367 0.4722383916378021 0.08787164837121964 0.16159123182296753
0 0.39667052030563354 0.43964335322380066 0.08969631046056747 0.13772806525230408
0 0.5977705121040344 0.3584297299385071 0.09320259094238281 0.0989786759018898
0 0.4059064984321594 0.3667474389076233 0.08778966218233109 0.12129849940538406
0 0.3486889898777008 0.5862411260604858 0.16198761761188507 0.3443603515625
0 0.06361439824104309 0.29133132100105286 0.04778403788805008 0.04090327396988869
0 0.6179512739181519 0.5457160472869873 0.155555859208107 0.296134352684021
0 0.4278385043144226 0.3605268597602844 0.1082434356212616 0.1192849650979042
0 0.09287609159946442 0.35913193225860596 0.05756424367427826 0.10429221391677856
0 0.020585158839821815 0.36146095395088196 0.04117031767964363 0.13460184633731842
0 0.6178426146507263 0.5511161088943481 0.15534953773021698 0.3054836690425873
0 0.542630136013031 0.2712942659854889 0.055533695966005325 0.1101718321442604
